5.000000000000000000e+00,5.000000000000000000e+00,5.000000000000000000e+00,5.000000000000000000e+00,5.000000000000000000e+00,5.000000000000000000e+00,5.000000000000000000e+00,5.000000000000000000e+00,5.000000000000000000e+00,5.000000000000000000e+00,5.000000000000000000e+00,5.000000000000000000e+00,5.000000000000000000e+00,5.000000000000000000e+00,5.000000000000000000e+00,5.000000000000000000e+00,5.000000000000000000e+00,5.000000000000000000e+00,5.000000000000000000e+00,5.000000000000000000e+00,5.000000000000000000e+00,5.000000000000000000e+00,5.000000000000000000e+00,5.000000000000000000e+00,5.000000000000000000e+00,5.000000000000000000e+00,5.000000000000000000e+00,5.000000000000000000e+00,5.000000000000000000e+00,5.000000000000000000e+00,5.000000000000000000e+00,5.000000000000000000e+00,5.000000000000000000e+00,5.000000000000000000e+00,5.000000000000000000e+00,5.000000000000000000e+00,5.000000000000000000e+00,5.000000000000000000e+00,5.000000000000000000e+00,5.000000000000000000e+00,5.000000000000000000e+00,5.000000000000000000e+00,5.000000000000000000e+00,5.000000000000000000e+00,5.000000000000000000e+00,5.000000000000000000e+00,5.000000000000000000e+00,5.000000000000000000e+00,5.000000000000000000e+00,5.000000000000000000e+00,5.000000000000000000e+00,5.000000000000000000e+00,5.000000000000000000e+00,5.000000000000000000e+00,5.000000000000000000e+00,5.000000000000000000e+00,5.000000000000000000e+00,5.000000000000000000e+00,5.000000000000000000e+00,5.000000000000000000e+00,9.480422735214233398e-01,9.324730038642883301e-01,9.285220503807067871e-01,1.025764465332031250e+00,1.011324763298034668e+00,9.972227811813354492e-01,9.925397634506225586e-01,9.899491667747497559e-01,9.873719811439514160e-01,9.832964539527893066e-01,9.791808128356933594e-01,9.750995635986328125e-01,9.710523486137390137e-01,9.929926991462707520e-01,1.023478507995605469e+00,1.011788129806518555e+00,1.011460065841674805e+00,1.015674829483032227e+00,1.020094752311706543e+00,2.488173723220825195e+00
5.000000000000000000e+00,5.000000000000000000e+00,5.000000000000000000e+00,5.000000000000000000e+00,5.000000000000000000e+00,5.000000000000000000e+00,5.000000000000000000e+00,5.000000000000000000e+00,5.000000000000000000e+00,5.000000000000000000e+00,5.000000000000000000e+00,5.000000000000000000e+00,5.000000000000000000e+00,5.000000000000000000e+00,5.000000000000000000e+00,5.000000000000000000e+00,5.000000000000000000e+00,5.000000000000000000e+00,5.000000000000000000e+00,5.000000000000000000e+00,5.000000000000000000e+00,5.000000000000000000e+00,5.000000000000000000e+00,5.000000000000000000e+00,5.000000000000000000e+00,5.000000000000000000e+00,5.000000000000000000e+00,5.000000000000000000e+00,5.000000000000000000e+00,5.000000000000000000e+00,5.000000000000000000e+00,5.000000000000000000e+00,5.000000000000000000e+00,5.000000000000000000e+00,5.000000000000000000e+00,5.000000000000000000e+00,5.000000000000000000e+00,5.000000000000000000e+00,5.000000000000000000e+00,5.000000000000000000e+00,5.000000000000000000e+00,5.000000000000000000e+00,5.000000000000000000e+00,5.000000000000000000e+00,5.000000000000000000e+00,5.000000000000000000e+00,5.000000000000000000e+00,5.000000000000000000e+00,5.000000000000000000e+00,5.000000000000000000e+00,5.000000000000000000e+00,5.000000000000000000e+00,5.000000000000000000e+00,5.000000000000000000e+00,5.000000000000000000e+00,5.000000000000000000e+00,5.000000000000000000e+00,5.000000000000000000e+00,5.000000000000000000e+00,1.103370666503906250e+00,9.442151784896850586e-01,9.297106862068176270e-01,9.290272593498229980e-01,1.025835871696472168e+00,1.011668682098388672e+00,1.003936767578125000e+00,1.001131176948547363e+00,9.984956383705139160e-01,9.958739280700683594e-01,9.918581843376159668e-01,9.876707792282104492e-01,9.854606986045837402e-01,1.001109719276428223e+00,1.035342097282409668e+00,1.023380994796752930e+00,1.016236066818237305e+00,1.020594835281372070e+00,1.024991393089294434e+00,1.029425740242004395e+00,2.488219261169433594e+00
5.000000000000000000e+00,5.000000000000000000e+00,5.000000000000000000e+00,5.000000000000000000e+00,5.000000000000000000e+00,5.000000000000000000e+00,5.000000000000000000e+00,5.000000000000000000e+00,5.000000000000000000e+00,5.000000000000000000e+00,5.000000000000000000e+00,5.000000000000000000e+00,5.000000000000000000e+00,5.000000000000000000e+00,5.000000000000000000e+00,5.000000000000000000e+00,5.000000000000000000e+00,5.000000000000000000e+00,5.000000000000000000e+00,5.000000000000000000e+00,5.000000000000000000e+00,5.000000000000000000e+00,5.000000000000000000e+00,5.000000000000000000e+00,5.000000000000000000e+00,5.000000000000000000e+00,5.000000000000000000e+00,5.000000000000000000e+00,5.000000000000000000e+00,5.000000000000000000e+00,5.000000000000000000e+00,5.000000000000000000e+00,5.000000000000000000e+00,5.000000000000000000e+00,5.000000000000000000e+00,5.000000000000000000e+00,5.000000000000000000e+00,5.000000000000000000e+00,5.000000000000000000e+00,5.000000000000000000e+00,5.000000000000000000e+00,5.000000000000000000e+00,5.000000000000000000e+00,5.000000000000000000e+00,5.000000000000000000e+00,5.000000000000000000e+00,5.000000000000000000e+00,5.000000000000000000e+00,5.000000000000000000e+00,5.000000000000000000e+00,5.000000000000000000e+00,5.000000000000000000e+00,5.000000000000000000e+00,5.000000000000000000e+00,5.000000000000000000e+00,5.000000000000000000e+00,5.000000000000000000e+00,5.000000000000000000e+00,4.431857585906982422e+00,9.687680602073669434e-01,9.405668377876281738e-01,9.284189939498901367e-01,9.899010062217712402e-01,1.026272654533386230e+00,1.015361905097961426e+00,1.014145851135253906e+00,1.010457634925842285e+00,1.007190942764282227e+00,1.004523396492004395e+00,1.000570178031921387e+00,1.001825094223022461e+00,1.017401814460754395e+00,1.035015344619750977e+00,1.035532355308532715e+00,1.022491097450256348e+00,1.023759245872497559e+00,1.028182983398437500e+00,1.032247424125671387e+00,1.036034584045410156e+00,2.488260984420776367e+00
5.000000000000000000e+00,5.000000000000000000e+00,5.000000000000000000e+00,5.000000000000000000e+00,5.000000000000000000e+00,5.000000000000000000e+00,5.000000000000000000e+00,5.000000000000000000e+00,5.000000000000000000e+00,5.000000000000000000e+00,5.000000000000000000e+00,5.000000000000000000e+00,5.000000000000000000e+00,5.000000000000000000e+00,5.000000000000000000e+00,5.000000000000000000e+00,5.000000000000000000e+00,5.000000000000000000e+00,5.000000000000000000e+00,5.000000000000000000e+00,5.000000000000000000e+00,5.000000000000000000e+00,5.000000000000000000e+00,5.000000000000000000e+00,5.000000000000000000e+00,5.000000000000000000e+00,5.000000000000000000e+00,5.000000000000000000e+00,5.000000000000000000e+00,5.000000000000000000e+00,5.000000000000000000e+00,5.000000000000000000e+00,5.000000000000000000e+00,5.000000000000000000e+00,5.000000000000000000e+00,5.000000000000000000e+00,5.000000000000000000e+00,5.000000000000000000e+00,5.000000000000000000e+00,5.000000000000000000e+00,5.000000000000000000e+00,5.000000000000000000e+00,5.000000000000000000e+00,5.000000000000000000e+00,5.000000000000000000e+00,5.000000000000000000e+00,5.000000000000000000e+00,5.000000000000000000e+00,5.000000000000000000e+00,5.000000000000000000e+00,5.000000000000000000e+00,5.000000000000000000e+00,5.000000000000000000e+00,5.000000000000000000e+00,5.000000000000000000e+00,5.000000000000000000e+00,5.000000000000000000e+00,4.603233337402343750e+00,1.122165799140930176e+00,9.610716104507446289e-01,9.430794715881347656e-01,9.307281374931335449e-01,1.041304349899291992e+00,1.026850342750549316e+00,1.025300025939941406e+00,1.024171590805053711e+00,1.020800352096557617e+00,1.017063736915588379e+00,1.013354182243347168e+00,1.018741965293884277e+00,1.034573078155517578e+00,1.052439093589782715e+00,1.048033118247985840e+00,1.034137725830078125e+00,1.026943206787109375e+00,1.031163334846496582e+00,1.034942507743835449e+00,1.038749694824218750e+00,2.541382074356079102e+00,2.488303184509277344e+00
4.891124725341796875e+00,5.000000000000000000e+00,5.000000000000000000e+00,5.000000000000000000e+00,5.000000000000000000e+00,5.000000000000000000e+00,5.000000000000000000e+00,5.000000000000000000e+00,5.000000000000000000e+00,5.000000000000000000e+00,5.000000000000000000e+00,5.000000000000000000e+00,5.000000000000000000e+00,5.000000000000000000e+00,5.000000000000000000e+00,5.000000000000000000e+00,5.000000000000000000e+00,5.000000000000000000e+00,5.000000000000000000e+00,5.000000000000000000e+00,5.000000000000000000e+00,5.000000000000000000e+00,5.000000000000000000e+00,5.000000000000000000e+00,5.000000000000000000e+00,5.000000000000000000e+00,5.000000000000000000e+00,5.000000000000000000e+00,5.000000000000000000e+00,5.000000000000000000e+00,5.000000000000000000e+00,5.000000000000000000e+00,5.000000000000000000e+00,5.000000000000000000e+00,5.000000000000000000e+00,5.000000000000000000e+00,5.000000000000000000e+00,5.000000000000000000e+00,5.000000000000000000e+00,5.000000000000000000e+00,5.000000000000000000e+00,5.000000000000000000e+00,5.000000000000000000e+00,5.000000000000000000e+00,5.000000000000000000e+00,5.000000000000000000e+00,5.000000000000000000e+00,5.000000000000000000e+00,5.000000000000000000e+00,5.000000000000000000e+00,5.000000000000000000e+00,5.000000000000000000e+00,5.000000000000000000e+00,5.000000000000000000e+00,5.000000000000000000e+00,5.000000000000000000e+00,4.788395881652832031e+00,4.603377819061279297e+00,1.123056411743164062e+00,9.593272209167480469e-01,9.378353357315063477e-01,9.329337477684020996e-01,1.043492913246154785e+00,1.036398768424987793e+00,1.035434365272521973e+00,1.034283638000488281e+00,1.031357169151306152e+00,1.027542948722839355e+00,1.034284234046936035e+00,1.052624106407165527e+00,1.073539257049560547e+00,1.060272216796875000e+00,1.046052813529968262e+00,1.032291650772094727e+00,1.032941102981567383e+00,1.037102580070495605e+00,1.041297674179077148e+00,1.045334219932556152e+00,2.541425943374633789e+00,2.488345146179199219e+00
4.890997409820556641e+00,5.000000000000000000e+00,5.000000000000000000e+00,5.000000000000000000e+00,5.000000000000000000e+00,5.000000000000000000e+00,5.000000000000000000e+00,5.000000000000000000e+00,5.000000000000000000e+00,5.000000000000000000e+00,5.000000000000000000e+00,5.000000000000000000e+00,5.000000000000000000e+00,5.000000000000000000e+00,5.000000000000000000e+00,5.000000000000000000e+00,5.000000000000000000e+00,5.000000000000000000e+00,5.000000000000000000e+00,5.000000000000000000e+00,5.000000000000000000e+00,5.000000000000000000e+00,5.000000000000000000e+00,5.000000000000000000e+00,5.000000000000000000e+00,5.000000000000000000e+00,5.000000000000000000e+00,5.000000000000000000e+00,5.000000000000000000e+00,5.000000000000000000e+00,5.000000000000000000e+00,5.000000000000000000e+00,5.000000000000000000e+00,5.000000000000000000e+00,5.000000000000000000e+00,5.000000000000000000e+00,5.000000000000000000e+00,5.000000000000000000e+00,5.000000000000000000e+00,5.000000000000000000e+00,5.000000000000000000e+00,5.000000000000000000e+00,5.000000000000000000e+00,5.000000000000000000e+00,5.000000000000000000e+00,5.000000000000000000e+00,5.000000000000000000e+00,5.000000000000000000e+00,5.000000000000000000e+00,5.000000000000000000e+00,5.000000000000000000e+00,5.000000000000000000e+00,5.000000000000000000e+00,5.000000000000000000e+00,5.000000000000000000e+00,4.989078998565673828e+00,4.788552284240722656e+00,4.603521823883056641e+00,1.123926997184753418e+00,9.581250548362731934e-01,9.376711845397949219e-01,1.062558889389038086e+00,1.046183347702026367e+00,1.044972419738769531e+00,1.045162916183471680e+00,1.044597506523132324e+00,1.042134523391723633e+00,1.047392129898071289e+00,1.067991733551025391e+00,1.088527798652648926e+00,1.072917699813842773e+00,1.058630347251892090e+00,1.044718503952026367e+00,1.031931996345520020e+00,1.032250523567199707e+00,1.036406397819519043e+00,1.040596008300781250e+00,1.044402122497558594e+00,2.541469573974609375e+00,2.488387107849121094e+00
4.890870094299316406e+00,5.000000000000000000e+00,5.000000000000000000e+00,5.000000000000000000e+00,5.000000000000000000e+00,5.000000000000000000e+00,5.000000000000000000e+00,5.000000000000000000e+00,5.000000000000000000e+00,5.000000000000000000e+00,5.000000000000000000e+00,5.000000000000000000e+00,5.000000000000000000e+00,5.000000000000000000e+00,5.000000000000000000e+00,5.000000000000000000e+00,5.000000000000000000e+00,5.000000000000000000e+00,5.000000000000000000e+00,5.000000000000000000e+00,5.000000000000000000e+00,5.000000000000000000e+00,5.000000000000000000e+00,5.000000000000000000e+00,5.000000000000000000e+00,5.000000000000000000e+00,5.000000000000000000e+00,5.000000000000000000e+00,5.000000000000000000e+00,5.000000000000000000e+00,5.000000000000000000e+00,5.000000000000000000e+00,5.000000000000000000e+00,5.000000000000000000e+00,5.000000000000000000e+00,5.000000000000000000e+00,5.000000000000000000e+00,5.000000000000000000e+00,5.000000000000000000e+00,5.000000000000000000e+00,5.000000000000000000e+00,5.000000000000000000e+00,5.000000000000000000e+00,5.000000000000000000e+00,5.000000000000000000e+00,5.000000000000000000e+00,5.000000000000000000e+00,5.000000000000000000e+00,5.000000000000000000e+00,5.000000000000000000e+00,5.000000000000000000e+00,5.000000000000000000e+00,5.000000000000000000e+00,5.000000000000000000e+00,5.000000000000000000e+00,4.989248752593994141e+00,4.788708686828613281e+00,1.150934100151062012e+00,9.882695674896240234e-01,9.592091441154479980e-01,9.386149644851684570e-01,1.065455913543701172e+00,1.054181218147277832e+00,1.053689002990722656e+00,1.053882598876953125e+00,1.054076433181762695e+00,1.060836553573608398e+00,1.082167148590087891e+00,1.113003969192504883e+00,1.088696599006652832e+00,1.071703433990478516e+00,1.057448148727416992e+00,1.043567180633544922e+00,1.031810760498046875e+00,1.031560778617858887e+00,1.035711169242858887e+00,1.039865970611572266e+00,1.042974591255187988e+00,2.541513442993164062e+00,2.488429069519042969e+00
4.890742778778076172e+00,5.000000000000000000e+00,5.000000000000000000e+00,5.000000000000000000e+00,5.000000000000000000e+00,5.000000000000000000e+00,5.000000000000000000e+00,5.000000000000000000e+00,5.000000000000000000e+00,5.000000000000000000e+00,5.000000000000000000e+00,5.000000000000000000e+00,5.000000000000000000e+00,5.000000000000000000e+00,5.000000000000000000e+00,5.000000000000000000e+00,5.000000000000000000e+00,5.000000000000000000e+00,5.000000000000000000e+00,5.000000000000000000e+00,5.000000000000000000e+00,5.000000000000000000e+00,5.000000000000000000e+00,5.000000000000000000e+00,5.000000000000000000e+00,5.000000000000000000e+00,5.000000000000000000e+00,5.000000000000000000e+00,5.000000000000000000e+00,5.000000000000000000e+00,5.000000000000000000e+00,5.000000000000000000e+00,5.000000000000000000e+00,5.000000000000000000e+00,5.000000000000000000e+00,5.000000000000000000e+00,5.000000000000000000e+00,5.000000000000000000e+00,5.000000000000000000e+00,5.000000000000000000e+00,5.000000000000000000e+00,5.000000000000000000e+00,5.000000000000000000e+00,5.000000000000000000e+00,5.000000000000000000e+00,5.000000000000000000e+00,5.000000000000000000e+00,5.000000000000000000e+00,5.000000000000000000e+00,5.000000000000000000e+00,5.000000000000000000e+00,5.000000000000000000e+00,5.000000000000000000e+00,5.000000000000000000e+00,5.000000000000000000e+00,4.989418506622314453e+00,4.788864612579345703e+00,1.151870846748352051e+00,9.895102977752685547e-01,9.617951512336730957e-01,1.040305495262145996e+00,1.068102240562438965e+00,1.063091993331909180e+00,1.062552094459533691e+00,1.062749147415161133e+00,1.062946200370788574e+00,1.089297533035278320e+00,1.138416647911071777e+00,1.112999320030212402e+00,1.088692069053649902e+00,1.070491909980773926e+00,1.056268692016601562e+00,1.043203234672546387e+00,1.031689524650573730e+00,1.030872106552124023e+00,1.035016775131225586e+00,1.038450717926025391e+00,1.041550874710083008e+00,2.541557312011718750e+00,2.488471031188964844e+00
4.890615463256835938e+00,5.000000000000000000e+00,5.000000000000000000e+00,5.000000000000000000e+00,5.000000000000000000e+00,5.000000000000000000e+00,5.000000000000000000e+00,5.000000000000000000e+00,5.000000000000000000e+00,5.000000000000000000e+00,5.000000000000000000e+00,5.000000000000000000e+00,5.000000000000000000e+00,5.000000000000000000e+00,5.000000000000000000e+00,5.000000000000000000e+00,5.000000000000000000e+00,5.000000000000000000e+00,5.000000000000000000e+00,5.000000000000000000e+00,5.000000000000000000e+00,5.000000000000000000e+00,5.000000000000000000e+00,5.000000000000000000e+00,5.000000000000000000e+00,5.000000000000000000e+00,5.000000000000000000e+00,5.000000000000000000e+00,5.000000000000000000e+00,5.000000000000000000e+00,5.000000000000000000e+00,5.000000000000000000e+00,5.000000000000000000e+00,5.000000000000000000e+00,5.000000000000000000e+00,5.000000000000000000e+00,5.000000000000000000e+00,5.000000000000000000e+00,5.000000000000000000e+00,5.000000000000000000e+00,5.000000000000000000e+00,5.000000000000000000e+00,5.000000000000000000e+00,5.000000000000000000e+00,5.000000000000000000e+00,5.000000000000000000e+00,5.000000000000000000e+00,5.000000000000000000e+00,5.000000000000000000e+00,5.000000000000000000e+00,5.000000000000000000e+00,5.000000000000000000e+00,5.000000000000000000e+00,5.000000000000000000e+00,5.000000000000000000e+00,4.989587783813476562e+00,4.789021015167236328e+00,1.152809143066406250e+00,9.914481639862060547e-01,9.703166484832763672e-01,1.088198542594909668e+00,1.072968244552612305e+00,1.072154760360717773e+00,1.071565747261047363e+00,1.071766138076782227e+00,1.081148982048034668e+00,1.116312265396118164e+00,1.138129830360412598e+00,1.112994551658630371e+00,1.088687658309936523e+00,1.069283127784729004e+00,1.055091857910156250e+00,1.043079376220703125e+00,1.031568288803100586e+00,1.030184149742126465e+00,1.033965826034545898e+00,1.037039279937744141e+00,1.051913857460021973e+00,2.541601181030273438e+00,2.488513231277465820e+00
4.890488147735595703e+00,5.000000000000000000e+00,5.000000000000000000e+00,5.000000000000000000e+00,5.000000000000000000e+00,5.000000000000000000e+00,5.000000000000000000e+00,5.000000000000000000e+00,5.000000000000000000e+00,5.000000000000000000e+00,5.000000000000000000e+00,5.000000000000000000e+00,5.000000000000000000e+00,5.000000000000000000e+00,5.000000000000000000e+00,5.000000000000000000e+00,5.000000000000000000e+00,5.000000000000000000e+00,5.000000000000000000e+00,5.000000000000000000e+00,5.000000000000000000e+00,5.000000000000000000e+00,5.000000000000000000e+00,5.000000000000000000e+00,5.000000000000000000e+00,5.000000000000000000e+00,5.000000000000000000e+00,5.000000000000000000e+00,5.000000000000000000e+00,5.000000000000000000e+00,5.000000000000000000e+00,5.000000000000000000e+00,5.000000000000000000e+00,5.000000000000000000e+00,5.000000000000000000e+00,5.000000000000000000e+00,5.000000000000000000e+00,5.000000000000000000e+00,5.000000000000000000e+00,5.000000000000000000e+00,5.000000000000000000e+00,5.000000000000000000e+00,5.000000000000000000e+00,5.000000000000000000e+00,5.000000000000000000e+00,5.000000000000000000e+00,5.000000000000000000e+00,5.000000000000000000e+00,5.000000000000000000e+00,5.000000000000000000e+00,5.000000000000000000e+00,5.000000000000000000e+00,5.000000000000000000e+00,5.000000000000000000e+00,5.000000000000000000e+00,4.989757537841796875e+00,4.789181709289550781e+00,1.153748869895935059e+00,9.958906173706054688e-01,1.109065651893615723e+00,1.090959191322326660e+00,1.082201004028320312e+00,1.081373333930969238e+00,1.080733537673950195e+00,1.080937266349792480e+00,1.109328627586364746e+00,3.416205167770385742e+00,1.137790441513061523e+00,1.112764358520507812e+00,1.088683128356933594e+00,1.068077087402343750e+00,1.054723501205444336e+00,1.042955517768859863e+00,1.031447172164916992e+00,1.029497265815734863e+00,1.032566666603088379e+00,1.035631775856018066e+00,2.597049474716186523e+00,2.541645050048828125e+00,2.488554954528808594e+00
4.890360832214355469e+00,5.000000000000000000e+00,5.000000000000000000e+00,5.000000000000000000e+00,5.000000000000000000e+00,5.000000000000000000e+00,5.000000000000000000e+00,5.000000000000000000e+00,5.000000000000000000e+00,5.000000000000000000e+00,5.000000000000000000e+00,5.000000000000000000e+00,5.000000000000000000e+00,5.000000000000000000e+00,5.000000000000000000e+00,5.000000000000000000e+00,5.000000000000000000e+00,5.000000000000000000e+00,5.000000000000000000e+00,5.000000000000000000e+00,5.000000000000000000e+00,5.000000000000000000e+00,5.000000000000000000e+00,5.000000000000000000e+00,5.000000000000000000e+00,5.000000000000000000e+00,5.000000000000000000e+00,5.000000000000000000e+00,5.000000000000000000e+00,5.000000000000000000e+00,5.000000000000000000e+00,5.000000000000000000e+00,5.000000000000000000e+00,5.000000000000000000e+00,5.000000000000000000e+00,5.000000000000000000e+00,5.000000000000000000e+00,5.000000000000000000e+00,5.000000000000000000e+00,5.000000000000000000e+00,5.000000000000000000e+00,5.000000000000000000e+00,5.000000000000000000e+00,5.000000000000000000e+00,5.000000000000000000e+00,5.000000000000000000e+00,5.000000000000000000e+00,5.000000000000000000e+00,5.000000000000000000e+00,5.000000000000000000e+00,5.000000000000000000e+00,5.000000000000000000e+00,5.000000000000000000e+00,5.000000000000000000e+00,5.000000000000000000e+00,4.990038871765136719e+00,1.182808756828308105e+00,1.155210137367248535e+00,1.131135225296020508e+00,1.111959934234619141e+00,1.093733787536621094e+00,1.091593861579895020e+00,1.090751886367797852e+00,1.090059638023376465e+00,1.095212578773498535e+00,1.137358784675598145e+00,3.416284561157226562e+00,1.137451410293579102e+00,1.112439990043640137e+00,1.088504910469055176e+00,1.066873788833618164e+00,1.054596781730651855e+00,1.042831659317016602e+00,1.031309962272644043e+00,1.028192758560180664e+00,1.031212925910949707e+00,1.034250855445861816e+00,2.597095012664794922e+00,2.541688680648803711e+00,2.488597154617309570e+00
4.890213012695312500e+00,5.000000000000000000e+00,5.000000000000000000e+00,5.000000000000000000e+00,5.000000000000000000e+00,5.000000000000000000e+00,5.000000000000000000e+00,5.000000000000000000e+00,5.000000000000000000e+00,5.000000000000000000e+00,5.000000000000000000e+00,5.000000000000000000e+00,5.000000000000000000e+00,5.000000000000000000e+00,5.000000000000000000e+00,5.000000000000000000e+00,5.000000000000000000e+00,5.000000000000000000e+00,5.000000000000000000e+00,5.000000000000000000e+00,5.000000000000000000e+00,5.000000000000000000e+00,5.000000000000000000e+00,5.000000000000000000e+00,5.000000000000000000e+00,5.000000000000000000e+00,5.000000000000000000e+00,5.000000000000000000e+00,5.000000000000000000e+00,5.000000000000000000e+00,5.000000000000000000e+00,5.000000000000000000e+00,5.000000000000000000e+00,5.000000000000000000e+00,5.000000000000000000e+00,5.000000000000000000e+00,5.000000000000000000e+00,5.000000000000000000e+00,5.000000000000000000e+00,5.000000000000000000e+00,5.000000000000000000e+00,5.000000000000000000e+00,5.000000000000000000e+00,5.000000000000000000e+00,5.000000000000000000e+00,5.000000000000000000e+00,5.000000000000000000e+00,5.000000000000000000e+00,5.000000000000000000e+00,5.000000000000000000e+00,5.000000000000000000e+00,5.000000000000000000e+00,5.000000000000000000e+00,5.000000000000000000e+00,5.000000000000000000e+00,4.990413665771484375e+00,1.184631824493408203e+00,1.156808018684387207e+00,1.134948372840881348e+00,1.115644693374633789e+00,1.102084755897521973e+00,1.101152658462524414e+00,1.100294351577758789e+00,1.099547982215881348e+00,1.126927137374877930e+00,3.517222166061401367e+00,3.416363477706909180e+00,1.137112498283386230e+00,1.112115859985351562e+00,1.088122487068176270e+00,1.066053748130798340e+00,1.053918004035949707e+00,1.042055606842041016e+00,1.031100630760192871e+00,1.027637004852294922e+00,1.030653715133666992e+00,1.033688306808471680e+00,2.597140789031982422e+00,2.541732549667358398e+00,2.488639116287231445e+00
4.890062332153320312e+00,5.000000000000000000e+00,5.000000000000000000e+00,5.000000000000000000e+00,5.000000000000000000e+00,5.000000000000000000e+00,5.000000000000000000e+00,5.000000000000000000e+00,5.000000000000000000e+00,5.000000000000000000e+00,5.000000000000000000e+00,5.000000000000000000e+00,5.000000000000000000e+00,5.000000000000000000e+00,5.000000000000000000e+00,5.000000000000000000e+00,5.000000000000000000e+00,5.000000000000000000e+00,5.000000000000000000e+00,5.000000000000000000e+00,5.000000000000000000e+00,5.000000000000000000e+00,5.000000000000000000e+00,5.000000000000000000e+00,5.000000000000000000e+00,5.000000000000000000e+00,5.000000000000000000e+00,5.000000000000000000e+00,5.000000000000000000e+00,5.000000000000000000e+00,5.000000000000000000e+00,5.000000000000000000e+00,5.000000000000000000e+00,5.000000000000000000e+00,5.000000000000000000e+00,5.000000000000000000e+00,5.000000000000000000e+00,5.000000000000000000e+00,5.000000000000000000e+00,5.000000000000000000e+00,5.000000000000000000e+00,5.000000000000000000e+00,5.000000000000000000e+00,5.000000000000000000e+00,5.000000000000000000e+00,5.000000000000000000e+00,5.000000000000000000e+00,5.000000000000000000e+00,5.000000000000000000e+00,5.000000000000000000e+00,5.000000000000000000e+00,5.000000000000000000e+00,5.000000000000000000e+00,5.000000000000000000e+00,5.000000000000000000e+00,4.990711688995361328e+00,1.186312198638916016e+00,1.158907175064086914e+00,1.138787269592285156e+00,1.117851138114929199e+00,1.111958026885986328e+00,1.111009120941162109e+00,1.110061883926391602e+00,1.109646797180175781e+00,1.159214138984680176e+00,3.517306089401245117e+00,3.416442871093750000e+00,3.321202754974365234e+00,1.111111998558044434e+00,1.086492657661437988e+00,1.065142631530761719e+00,1.053027510643005371e+00,1.041184902191162109e+00,1.031941890716552734e+00,1.027081608772277832e+00,1.030095219612121582e+00,1.033164381980895996e+00,2.597186565399169922e+00,2.541776418685913086e+00,2.488681077957153320e+00
4.889911174774169922e+00,5.000000000000000000e+00,5.000000000000000000e+00,5.000000000000000000e+00,5.000000000000000000e+00,5.000000000000000000e+00,5.000000000000000000e+00,5.000000000000000000e+00,5.000000000000000000e+00,5.000000000000000000e+00,5.000000000000000000e+00,5.000000000000000000e+00,5.000000000000000000e+00,5.000000000000000000e+00,5.000000000000000000e+00,5.000000000000000000e+00,5.000000000000000000e+00,5.000000000000000000e+00,5.000000000000000000e+00,5.000000000000000000e+00,5.000000000000000000e+00,5.000000000000000000e+00,5.000000000000000000e+00,5.000000000000000000e+00,5.000000000000000000e+00,5.000000000000000000e+00,5.000000000000000000e+00,5.000000000000000000e+00,5.000000000000000000e+00,5.000000000000000000e+00,5.000000000000000000e+00,5.000000000000000000e+00,5.000000000000000000e+00,5.000000000000000000e+00,5.000000000000000000e+00,5.000000000000000000e+00,5.000000000000000000e+00,5.000000000000000000e+00,5.000000000000000000e+00,5.000000000000000000e+00,5.000000000000000000e+00,5.000000000000000000e+00,5.000000000000000000e+00,5.000000000000000000e+00,5.000000000000000000e+00,5.000000000000000000e+00,5.000000000000000000e+00,5.000000000000000000e+00,5.000000000000000000e+00,5.000000000000000000e+00,5.000000000000000000e+00,5.000000000000000000e+00,5.000000000000000000e+00,5.000000000000000000e+00,5.000000000000000000e+00,1.213997244834899902e+00,1.187997341156005859e+00,1.162910223007202148e+00,1.142357826232910156e+00,1.124111175537109375e+00,1.122009754180908203e+00,1.121043682098388672e+00,1.120079278945922852e+00,1.146158337593078613e+00,3.624395608901977539e+00,3.517389774322509766e+00,3.416521787643432617e+00,1.365798473358154297e+00,1.109412550926208496e+00,1.084867596626281738e+00,1.064232826232910156e+00,1.052138328552246094e+00,1.041562914848327637e+00,1.032784581184387207e+00,1.026527047157287598e+00,1.029537320137023926e+00,1.033896923065185547e+00,2.597232341766357422e+00,2.541820287704467773e+00,2.488723039627075195e+00
4.889760017395019531e+00,5.000000000000000000e+00,5.000000000000000000e+00,5.000000000000000000e+00,5.000000000000000000e+00,5.000000000000000000e+00,5.000000000000000000e+00,5.000000000000000000e+00,5.000000000000000000e+00,5.000000000000000000e+00,5.000000000000000000e+00,5.000000000000000000e+00,5.000000000000000000e+00,5.000000000000000000e+00,5.000000000000000000e+00,5.000000000000000000e+00,5.000000000000000000e+00,5.000000000000000000e+00,5.000000000000000000e+00,5.000000000000000000e+00,5.000000000000000000e+00,5.000000000000000000e+00,5.000000000000000000e+00,5.000000000000000000e+00,5.000000000000000000e+00,5.000000000000000000e+00,5.000000000000000000e+00,5.000000000000000000e+00,5.000000000000000000e+00,5.000000000000000000e+00,5.000000000000000000e+00,5.000000000000000000e+00,5.000000000000000000e+00,5.000000000000000000e+00,5.000000000000000000e+00,5.000000000000000000e+00,5.000000000000000000e+00,5.000000000000000000e+00,5.000000000000000000e+00,5.000000000000000000e+00,5.000000000000000000e+00,5.000000000000000000e+00,5.000000000000000000e+00,5.000000000000000000e+00,5.000000000000000000e+00,5.000000000000000000e+00,5.000000000000000000e+00,5.000000000000000000e+00,5.000000000000000000e+00,5.000000000000000000e+00,5.000000000000000000e+00,5.000000000000000000e+00,5.000000000000000000e+00,5.000000000000000000e+00,5.000000000000000000e+00,1.216225981712341309e+00,1.189687252044677734e+00,1.166940927505493164e+00,1.142300128936767578e+00,1.134370923042297363e+00,1.132244944572448730e+00,1.131261229515075684e+00,1.138111948966979980e+00,3.738210678100585938e+00,3.624484300613403320e+00,3.517473936080932617e+00,3.416600942611694336e+00,1.375188231468200684e+00,1.108548164367675781e+00,1.083247423171997070e+00,1.063324809074401855e+00,1.051365137100219727e+00,1.042421340942382812e+00,1.033628582954406738e+00,1.025972843170166016e+00,1.028979897499084473e+00,1.034630537033081055e+00,2.597278118133544922e+00,2.541863918304443359e+00,2.488765001296997070e+00
4.889608860015869141e+00,5.000000000000000000e+00,5.000000000000000000e+00,5.000000000000000000e+00,5.000000000000000000e+00,5.000000000000000000e+00,5.000000000000000000e+00,5.000000000000000000e+00,5.000000000000000000e+00,5.000000000000000000e+00,5.000000000000000000e+00,5.000000000000000000e+00,5.000000000000000000e+00,5.000000000000000000e+00,5.000000000000000000e+00,5.000000000000000000e+00,5.000000000000000000e+00,5.000000000000000000e+00,5.000000000000000000e+00,5.000000000000000000e+00,5.000000000000000000e+00,5.000000000000000000e+00,5.000000000000000000e+00,5.000000000000000000e+00,5.000000000000000000e+00,5.000000000000000000e+00,5.000000000000000000e+00,5.000000000000000000e+00,5.000000000000000000e+00,5.000000000000000000e+00,5.000000000000000000e+00,5.000000000000000000e+00,5.000000000000000000e+00,5.000000000000000000e+00,5.000000000000000000e+00,5.000000000000000000e+00,5.000000000000000000e+00,5.000000000000000000e+00,5.000000000000000000e+00,5.000000000000000000e+00,5.000000000000000000e+00,5.000000000000000000e+00,5.000000000000000000e+00,5.000000000000000000e+00,5.000000000000000000e+00,5.000000000000000000e+00,5.000000000000000000e+00,5.000000000000000000e+00,5.000000000000000000e+00,5.000000000000000000e+00,5.000000000000000000e+00,5.000000000000000000e+00,5.000000000000000000e+00,5.000000000000000000e+00,5.000000000000000000e+00,1.218463063240051270e+00,1.192284822463989258e+00,1.167902708053588867e+00,1.147137165069580078e+00,1.144819736480712891e+00,1.142668485641479492e+00,1.141666531562805176e+00,1.174413323402404785e+00,3.738305091857910156e+00,3.624573707580566406e+00,3.517558097839355469e+00,3.416680097579956055e+00,3.321427106857299805e+00,1.109704732894897461e+00,1.081632137298583984e+00,1.062418222427368164e+00,1.052239775657653809e+00,1.043281197547912598e+00,1.034473896026611328e+00,1.025814175605773926e+00,1.029286980628967285e+00,1.035365104675292969e+00,2.597323894500732422e+00,2.541907787322998047e+00,2.488806962966918945e+00
4.889457702636718750e+00,5.000000000000000000e+00,5.000000000000000000e+00,5.000000000000000000e+00,5.000000000000000000e+00,5.000000000000000000e+00,5.000000000000000000e+00,5.000000000000000000e+00,5.000000000000000000e+00,5.000000000000000000e+00,5.000000000000000000e+00,5.000000000000000000e+00,5.000000000000000000e+00,5.000000000000000000e+00,5.000000000000000000e+00,5.000000000000000000e+00,5.000000000000000000e+00,5.000000000000000000e+00,5.000000000000000000e+00,5.000000000000000000e+00,5.000000000000000000e+00,5.000000000000000000e+00,5.000000000000000000e+00,5.000000000000000000e+00,5.000000000000000000e+00,5.000000000000000000e+00,5.000000000000000000e+00,5.000000000000000000e+00,5.000000000000000000e+00,5.000000000000000000e+00,5.000000000000000000e+00,5.000000000000000000e+00,5.000000000000000000e+00,5.000000000000000000e+00,5.000000000000000000e+00,5.000000000000000000e+00,5.000000000000000000e+00,5.000000000000000000e+00,5.000000000000000000e+00,5.000000000000000000e+00,5.000000000000000000e+00,5.000000000000000000e+00,5.000000000000000000e+00,5.000000000000000000e+00,5.000000000000000000e+00,5.000000000000000000e+00,5.000000000000000000e+00,5.000000000000000000e+00,5.000000000000000000e+00,5.000000000000000000e+00,5.000000000000000000e+00,5.000000000000000000e+00,5.000000000000000000e+00,5.000000000000000000e+00,5.000000000000000000e+00,1.220708250999450684e+00,1.194679260253906250e+00,1.167842388153076172e+00,1.157823562622070312e+00,1.155462861061096191e+00,1.153285861015319824e+00,1.169026136398315430e+00,3.859506368637084961e+00,3.738399982452392578e+00,3.624662637710571289e+00,3.517641782760620117e+00,3.416759252548217773e+00,3.321501731872558594e+00,1.110863685607910156e+00,1.081544280052185059e+00,1.062244772911071777e+00,1.053115844726562500e+00,1.044142484664916992e+00,1.035320639610290527e+00,1.026646733283996582e+00,1.030014157295227051e+00,1.036095261573791504e+00,2.597369670867919922e+00,2.541951656341552734e+00,2.488849163055419922e+00
4.889306545257568359e+00,5.000000000000000000e+00,5.000000000000000000e+00,5.000000000000000000e+00,5.000000000000000000e+00,5.000000000000000000e+00,5.000000000000000000e+00,5.000000000000000000e+00,5.000000000000000000e+00,5.000000000000000000e+00,5.000000000000000000e+00,5.000000000000000000e+00,5.000000000000000000e+00,5.000000000000000000e+00,5.000000000000000000e+00,5.000000000000000000e+00,5.000000000000000000e+00,5.000000000000000000e+00,5.000000000000000000e+00,5.000000000000000000e+00,5.000000000000000000e+00,5.000000000000000000e+00,5.000000000000000000e+00,5.000000000000000000e+00,5.000000000000000000e+00,5.000000000000000000e+00,5.000000000000000000e+00,5.000000000000000000e+00,5.000000000000000000e+00,5.000000000000000000e+00,5.000000000000000000e+00,5.000000000000000000e+00,5.000000000000000000e+00,5.000000000000000000e+00,5.000000000000000000e+00,5.000000000000000000e+00,5.000000000000000000e+00,5.000000000000000000e+00,5.000000000000000000e+00,5.000000000000000000e+00,5.000000000000000000e+00,5.000000000000000000e+00,5.000000000000000000e+00,5.000000000000000000e+00,5.000000000000000000e+00,5.000000000000000000e+00,5.000000000000000000e+00,5.000000000000000000e+00,5.000000000000000000e+00,5.000000000000000000e+00,5.000000000000000000e+00,5.000000000000000000e+00,5.000000000000000000e+00,5.000000000000000000e+00,1.254757404327392578e+00,1.223591208457946777e+00,1.196132421493530273e+00,1.172067284584045410e+00,1.167417645454406738e+00,1.165367603302001953e+00,1.170951008796691895e+00,3.988829851150512695e+00,3.859607458114624023e+00,3.738494634628295898e+00,3.624751806259155273e+00,3.517725706100463867e+00,3.416838407516479492e+00,3.321576833724975586e+00,1.112025141716003418e+00,1.082063674926757812e+00,1.062383055686950684e+00,1.053223848342895508e+00,1.044146418571472168e+00,1.034869670867919922e+00,1.025756359100341797e+00,1.030185580253601074e+00,1.035794973373413086e+00,2.597415208816528320e+00,2.541995525360107422e+00,2.488890886306762695e+00
4.889155387878417969e+00,5.000000000000000000e+00,5.000000000000000000e+00,5.000000000000000000e+00,5.000000000000000000e+00,5.000000000000000000e+00,5.000000000000000000e+00,5.000000000000000000e+00,5.000000000000000000e+00,5.000000000000000000e+00,5.000000000000000000e+00,5.000000000000000000e+00,5.000000000000000000e+00,5.000000000000000000e+00,5.000000000000000000e+00,5.000000000000000000e+00,5.000000000000000000e+00,5.000000000000000000e+00,5.000000000000000000e+00,5.000000000000000000e+00,5.000000000000000000e+00,5.000000000000000000e+00,5.000000000000000000e+00,5.000000000000000000e+00,5.000000000000000000e+00,5.000000000000000000e+00,5.000000000000000000e+00,5.000000000000000000e+00,5.000000000000000000e+00,5.000000000000000000e+00,5.000000000000000000e+00,5.000000000000000000e+00,5.000000000000000000e+00,5.000000000000000000e+00,5.000000000000000000e+00,5.000000000000000000e+00,5.000000000000000000e+00,5.000000000000000000e+00,5.000000000000000000e+00,5.000000000000000000e+00,5.000000000000000000e+00,5.000000000000000000e+00,5.000000000000000000e+00,5.000000000000000000e+00,5.000000000000000000e+00,5.000000000000000000e+00,5.000000000000000000e+00,5.000000000000000000e+00,5.000000000000000000e+00,5.000000000000000000e+00,5.000000000000000000e+00,5.000000000000000000e+00,5.000000000000000000e+00,5.000000000000000000e+00,1.255944967269897461e+00,1.223243713378906250e+00,1.197607636451721191e+00,1.174627304077148438e+00,1.166164994239807129e+00,1.163908123970031738e+00,1.201862931251525879e+00,3.988938093185424805e+00,3.859708309173583984e+00,3.738589525222778320e+00,3.624840736389160156e+00,3.517809391021728516e+00,3.416917562484741211e+00,3.321651458740234375e+00,1.112030863761901855e+00,1.081100463867187500e+00,1.060883522033691406e+00,1.051079630851745605e+00,1.041455149650573730e+00,1.031552195549011230e+00,1.021679878234863281e+00,1.016405224800109863e+00,1.022268772125244141e+00,1.028200387954711914e+00,2.542039155960083008e+00,2.488933086395263672e+00
4.889004230499267578e+00,5.000000000000000000e+00,5.000000000000000000e+00,5.000000000000000000e+00,5.000000000000000000e+00,5.000000000000000000e+00,5.000000000000000000e+00,5.000000000000000000e+00,5.000000000000000000e+00,5.000000000000000000e+00,5.000000000000000000e+00,5.000000000000000000e+00,5.000000000000000000e+00,5.000000000000000000e+00,5.000000000000000000e+00,5.000000000000000000e+00,5.000000000000000000e+00,5.000000000000000000e+00,5.000000000000000000e+00,5.000000000000000000e+00,5.000000000000000000e+00,5.000000000000000000e+00,5.000000000000000000e+00,5.000000000000000000e+00,5.000000000000000000e+00,5.000000000000000000e+00,5.000000000000000000e+00,5.000000000000000000e+00,5.000000000000000000e+00,5.000000000000000000e+00,5.000000000000000000e+00,5.000000000000000000e+00,5.000000000000000000e+00,5.000000000000000000e+00,5.000000000000000000e+00,5.000000000000000000e+00,5.000000000000000000e+00,5.000000000000000000e+00,5.000000000000000000e+00,5.000000000000000000e+00,5.000000000000000000e+00,5.000000000000000000e+00,5.000000000000000000e+00,5.000000000000000000e+00,5.000000000000000000e+00,5.000000000000000000e+00,5.000000000000000000e+00,5.000000000000000000e+00,5.000000000000000000e+00,5.000000000000000000e+00,5.000000000000000000e+00,5.000000000000000000e+00,5.000000000000000000e+00,5.000000000000000000e+00,1.266233086585998535e+00,1.219176769256591797e+00,1.192183494567871094e+00,1.169411540031433105e+00,1.156391620635986328e+00,1.154991269111633301e+00,1.154559612274169922e+00,3.989038944244384766e+00,3.859804630279541016e+00,3.738680839538574219e+00,3.624927759170532227e+00,3.517892122268676758e+00,3.416996717453002930e+00,3.321726322174072266e+00,1.113068938255310059e+00,1.086025595664978027e+00,1.060319423675537109e+00,1.046592831611633301e+00,1.036354422569274902e+00,1.026314496994018555e+00,1.016467213630676270e+00,1.006668806076049805e+00,1.005025506019592285e+00,1.010721802711486816e+00,2.542083024978637695e+00,2.488975048065185547e+00
4.888853549957275391e+00,5.000000000000000000e+00,5.000000000000000000e+00,5.000000000000000000e+00,5.000000000000000000e+00,5.000000000000000000e+00,5.000000000000000000e+00,5.000000000000000000e+00,5.000000000000000000e+00,5.000000000000000000e+00,5.000000000000000000e+00,5.000000000000000000e+00,5.000000000000000000e+00,5.000000000000000000e+00,5.000000000000000000e+00,5.000000000000000000e+00,5.000000000000000000e+00,5.000000000000000000e+00,5.000000000000000000e+00,5.000000000000000000e+00,5.000000000000000000e+00,5.000000000000000000e+00,5.000000000000000000e+00,5.000000000000000000e+00,5.000000000000000000e+00,5.000000000000000000e+00,5.000000000000000000e+00,5.000000000000000000e+00,5.000000000000000000e+00,5.000000000000000000e+00,5.000000000000000000e+00,5.000000000000000000e+00,5.000000000000000000e+00,5.000000000000000000e+00,5.000000000000000000e+00,5.000000000000000000e+00,5.000000000000000000e+00,5.000000000000000000e+00,5.000000000000000000e+00,5.000000000000000000e+00,5.000000000000000000e+00,5.000000000000000000e+00,5.000000000000000000e+00,5.000000000000000000e+00,5.000000000000000000e+00,5.000000000000000000e+00,5.000000000000000000e+00,5.000000000000000000e+00,5.000000000000000000e+00,5.000000000000000000e+00,5.000000000000000000e+00,5.000000000000000000e+00,5.000000000000000000e+00,5.000000000000000000e+00,5.000000000000000000e+00,1.216343879699707031e+00,1.185731768608093262e+00,1.163203477859497070e+00,1.147855281829833984e+00,1.145790696144104004e+00,1.144580721855163574e+00,1.177842020988464355e+00,3.859897851943969727e+00,3.738768339157104492e+00,3.625010251998901367e+00,3.517969846725463867e+00,3.417069673538208008e+00,3.321796178817749023e+00,1.117351889610290527e+00,1.090428352355957031e+00,1.066937565803527832e+00,1.044437527656555176e+00,1.030914068222045898e+00,1.020978689193725586e+00,1.011233091354370117e+00,1.001509785652160645e+00,9.916817545890808105e-01,9.939371347427368164e-01,1.000391721725463867e+00,2.489017009735107422e+00
4.888701915740966797e+00,5.000000000000000000e+00,5.000000000000000000e+00,5.000000000000000000e+00,5.000000000000000000e+00,5.000000000000000000e+00,5.000000000000000000e+00,5.000000000000000000e+00,5.000000000000000000e+00,5.000000000000000000e+00,5.000000000000000000e+00,5.000000000000000000e+00,5.000000000000000000e+00,5.000000000000000000e+00,5.000000000000000000e+00,5.000000000000000000e+00,5.000000000000000000e+00,5.000000000000000000e+00,5.000000000000000000e+00,5.000000000000000000e+00,5.000000000000000000e+00,5.000000000000000000e+00,5.000000000000000000e+00,5.000000000000000000e+00,5.000000000000000000e+00,5.000000000000000000e+00,5.000000000000000000e+00,5.000000000000000000e+00,5.000000000000000000e+00,5.000000000000000000e+00,5.000000000000000000e+00,5.000000000000000000e+00,5.000000000000000000e+00,5.000000000000000000e+00,5.000000000000000000e+00,5.000000000000000000e+00,5.000000000000000000e+00,5.000000000000000000e+00,5.000000000000000000e+00,5.000000000000000000e+00,5.000000000000000000e+00,5.000000000000000000e+00,5.000000000000000000e+00,5.000000000000000000e+00,5.000000000000000000e+00,5.000000000000000000e+00,5.000000000000000000e+00,5.000000000000000000e+00,5.000000000000000000e+00,5.000000000000000000e+00,5.000000000000000000e+00,5.000000000000000000e+00,5.000000000000000000e+00,5.000000000000000000e+00,5.000000000000000000e+00,1.221054911613464355e+00,1.179750919342041016e+00,1.157060742378234863e+00,1.142944931983947754e+00,1.134797096252441406e+00,1.135382533073425293e+00,1.139054536819458008e+00,3.859991550445556641e+00,3.738856315612792969e+00,3.625092506408691406e+00,3.518047809600830078e+00,3.417143106460571289e+00,3.321865558624267578e+00,3.231756687164306641e+00,1.097049951553344727e+00,1.073694109916687012e+00,1.050911307334899902e+00,1.029075384140014648e+00,1.015698075294494629e+00,1.006052494049072266e+00,9.964035749435424805e-01,9.866748452186584473e-01,9.777007699012756348e-01,9.837089180946350098e-01,9.912347197532653809e-01
4.888551235198974609e+00,5.000000000000000000e+00,5.000000000000000000e+00,5.000000000000000000e+00,5.000000000000000000e+00,5.000000000000000000e+00,5.000000000000000000e+00,5.000000000000000000e+00,5.000000000000000000e+00,5.000000000000000000e+00,5.000000000000000000e+00,5.000000000000000000e+00,5.000000000000000000e+00,5.000000000000000000e+00,5.000000000000000000e+00,5.000000000000000000e+00,5.000000000000000000e+00,5.000000000000000000e+00,5.000000000000000000e+00,5.000000000000000000e+00,5.000000000000000000e+00,5.000000000000000000e+00,5.000000000000000000e+00,5.000000000000000000e+00,5.000000000000000000e+00,5.000000000000000000e+00,5.000000000000000000e+00,5.000000000000000000e+00,5.000000000000000000e+00,5.000000000000000000e+00,5.000000000000000000e+00,5.000000000000000000e+00,5.000000000000000000e+00,5.000000000000000000e+00,5.000000000000000000e+00,5.000000000000000000e+00,5.000000000000000000e+00,5.000000000000000000e+00,5.000000000000000000e+00,5.000000000000000000e+00,5.000000000000000000e+00,5.000000000000000000e+00,5.000000000000000000e+00,5.000000000000000000e+00,5.000000000000000000e+00,5.000000000000000000e+00,5.000000000000000000e+00,5.000000000000000000e+00,5.000000000000000000e+00,5.000000000000000000e+00,5.000000000000000000e+00,5.000000000000000000e+00,5.000000000000000000e+00,5.000000000000000000e+00,5.000000000000000000e+00,4.992341518402099609e+00,1.179270982742309570e+00,1.151979923248291016e+00,1.138076424598693848e+00,1.124504566192626953e+00,1.124799370765686035e+00,1.125817537307739258e+00,1.159051060676574707e+00,3.738944053649902344e+00,3.625175237655639648e+00,3.518125295639038086e+00,3.417216300964355469e+00,3.321934938430786133e+00,3.231822490692138672e+00,3.146469831466674805e+00,1.077590346336364746e+00,1.056285977363586426e+00,1.035359501838684082e+00,1.014158487319946289e+00,1.000924825668334961e+00,9.913489222526550293e-01,9.817181825637817383e-01,9.722726345062255859e-01,9.675732851028442383e-01,9.748532176017761230e-01
4.888400077819824219e+00,5.000000000000000000e+00,5.000000000000000000e+00,5.000000000000000000e+00,5.000000000000000000e+00,5.000000000000000000e+00,5.000000000000000000e+00,5.000000000000000000e+00,5.000000000000000000e+00,5.000000000000000000e+00,5.000000000000000000e+00,5.000000000000000000e+00,5.000000000000000000e+00,5.000000000000000000e+00,5.000000000000000000e+00,5.000000000000000000e+00,5.000000000000000000e+00,5.000000000000000000e+00,5.000000000000000000e+00,5.000000000000000000e+00,5.000000000000000000e+00,5.000000000000000000e+00,5.000000000000000000e+00,5.000000000000000000e+00,5.000000000000000000e+00,5.000000000000000000e+00,5.000000000000000000e+00,5.000000000000000000e+00,5.000000000000000000e+00,5.000000000000000000e+00,5.000000000000000000e+00,5.000000000000000000e+00,5.000000000000000000e+00,5.000000000000000000e+00,5.000000000000000000e+00,5.000000000000000000e+00,5.000000000000000000e+00,5.000000000000000000e+00,5.000000000000000000e+00,5.000000000000000000e+00,5.000000000000000000e+00,5.000000000000000000e+00,5.000000000000000000e+00,5.000000000000000000e+00,5.000000000000000000e+00,5.000000000000000000e+00,5.000000000000000000e+00,5.000000000000000000e+00,5.000000000000000000e+00,5.000000000000000000e+00,5.000000000000000000e+00,5.000000000000000000e+00,5.000000000000000000e+00,5.000000000000000000e+00,5.000000000000000000e+00,4.992498397827148438e+00,1.184985995292663574e+00,1.147864460945129395e+00,1.135694622993469238e+00,1.123560547828674316e+00,1.121747136116027832e+00,1.122759819030761719e+00,1.147969841957092285e+00,3.739032030105590820e+00,3.625257730484008789e+00,3.518203020095825195e+00,3.417289733886718750e+00,3.322003841400146484e+00,3.231887817382812500e+00,3.146532058715820312e+00,3.065568685531616211e+00,1.058809041976928711e+00,1.038233757019042969e+00,1.018442869186401367e+00,9.993923902511596680e-01,9.864261150360107422e-01,9.776048660278320312e-01,9.689400196075439453e-01,9.602365493774414062e-01,9.661428928375244141e-01
4.888248920440673828e+00,5.000000000000000000e+00,5.000000000000000000e+00,5.000000000000000000e+00,5.000000000000000000e+00,5.000000000000000000e+00,5.000000000000000000e+00,5.000000000000000000e+00,5.000000000000000000e+00,5.000000000000000000e+00,5.000000000000000000e+00,5.000000000000000000e+00,5.000000000000000000e+00,5.000000000000000000e+00,5.000000000000000000e+00,5.000000000000000000e+00,5.000000000000000000e+00,5.000000000000000000e+00,5.000000000000000000e+00,5.000000000000000000e+00,5.000000000000000000e+00,5.000000000000000000e+00,5.000000000000000000e+00,5.000000000000000000e+00,5.000000000000000000e+00,5.000000000000000000e+00,5.000000000000000000e+00,5.000000000000000000e+00,5.000000000000000000e+00,5.000000000000000000e+00,5.000000000000000000e+00,5.000000000000000000e+00,5.000000000000000000e+00,5.000000000000000000e+00,5.000000000000000000e+00,5.000000000000000000e+00,5.000000000000000000e+00,5.000000000000000000e+00,5.000000000000000000e+00,5.000000000000000000e+00,5.000000000000000000e+00,5.000000000000000000e+00,5.000000000000000000e+00,5.000000000000000000e+00,5.000000000000000000e+00,5.000000000000000000e+00,5.000000000000000000e+00,5.000000000000000000e+00,5.000000000000000000e+00,5.000000000000000000e+00,5.000000000000000000e+00,5.000000000000000000e+00,5.000000000000000000e+00,5.000000000000000000e+00,5.000000000000000000e+00,4.992654800415039062e+00,1.190236330032348633e+00,1.147307395935058594e+00,1.135149359703063965e+00,1.122693300247192383e+00,1.118717670440673828e+00,1.119718551635742188e+00,1.142951369285583496e+00,3.739119529724121094e+00,3.625339984893798828e+00,3.518280982971191406e+00,3.417363166809082031e+00,3.322073459625244141e+00,3.231953620910644531e+00,3.146594047546386719e+00,3.065627813339233398e+00,1.090360999107360840e+00,1.040671229362487793e+00,1.019799351692199707e+00,9.996310472488403320e-01,9.840161204338073730e-01,9.752377271652221680e-01,9.666145443916320801e-01,9.578235149383544922e-01,9.601421356201171875e-01
4.888098239898681641e+00,5.000000000000000000e+00,5.000000000000000000e+00,5.000000000000000000e+00,5.000000000000000000e+00,5.000000000000000000e+00,5.000000000000000000e+00,5.000000000000000000e+00,5.000000000000000000e+00,5.000000000000000000e+00,5.000000000000000000e+00,5.000000000000000000e+00,5.000000000000000000e+00,5.000000000000000000e+00,5.000000000000000000e+00,5.000000000000000000e+00,5.000000000000000000e+00,5.000000000000000000e+00,5.000000000000000000e+00,5.000000000000000000e+00,5.000000000000000000e+00,5.000000000000000000e+00,5.000000000000000000e+00,5.000000000000000000e+00,5.000000000000000000e+00,5.000000000000000000e+00,5.000000000000000000e+00,5.000000000000000000e+00,5.000000000000000000e+00,5.000000000000000000e+00,5.000000000000000000e+00,5.000000000000000000e+00,5.000000000000000000e+00,5.000000000000000000e+00,5.000000000000000000e+00,5.000000000000000000e+00,5.000000000000000000e+00,5.000000000000000000e+00,5.000000000000000000e+00,5.000000000000000000e+00,5.000000000000000000e+00,5.000000000000000000e+00,5.000000000000000000e+00,5.000000000000000000e+00,5.000000000000000000e+00,5.000000000000000000e+00,5.000000000000000000e+00,5.000000000000000000e+00,5.000000000000000000e+00,5.000000000000000000e+00,5.000000000000000000e+00,5.000000000000000000e+00,5.000000000000000000e+00,5.000000000000000000e+00,5.000000000000000000e+00,4.992811203002929688e+00,1.195827841758728027e+00,1.149600505828857422e+00,1.134604573249816895e+00,1.121827363967895508e+00,1.115756511688232422e+00,1.116693735122680664e+00,1.137976408004760742e+00,3.739207506179809570e+00,3.625422716140747070e+00,3.518358469009399414e+00,3.417436122894287109e+00,3.322142839431762695e+00,3.232019186019897461e+00,3.146656274795532227e+00,3.065686464309692383e+00,2.988779306411743164e+00,1.074666500091552734e+00,1.019170761108398438e+00,9.990271329879760742e-01,9.816178679466247559e-01,9.728819131851196289e-01,9.643002152442932129e-01,9.554226398468017578e-01,9.542155265808105469e-01
4.887946605682373047e+00,5.000000000000000000e+00,5.000000000000000000e+00,5.000000000000000000e+00,5.000000000000000000e+00,5.000000000000000000e+00,5.000000000000000000e+00,5.000000000000000000e+00,5.000000000000000000e+00,5.000000000000000000e+00,5.000000000000000000e+00,5.000000000000000000e+00,5.000000000000000000e+00,5.000000000000000000e+00,5.000000000000000000e+00,5.000000000000000000e+00,5.000000000000000000e+00,5.000000000000000000e+00,5.000000000000000000e+00,5.000000000000000000e+00,5.000000000000000000e+00,5.000000000000000000e+00,5.000000000000000000e+00,5.000000000000000000e+00,5.000000000000000000e+00,5.000000000000000000e+00,5.000000000000000000e+00,5.000000000000000000e+00,5.000000000000000000e+00,5.000000000000000000e+00,5.000000000000000000e+00,5.000000000000000000e+00,5.000000000000000000e+00,5.000000000000000000e+00,5.000000000000000000e+00,5.000000000000000000e+00,5.000000000000000000e+00,5.000000000000000000e+00,5.000000000000000000e+00,5.000000000000000000e+00,5.000000000000000000e+00,5.000000000000000000e+00,5.000000000000000000e+00,5.000000000000000000e+00,5.000000000000000000e+00,5.000000000000000000e+00,5.000000000000000000e+00,5.000000000000000000e+00,5.000000000000000000e+00,5.000000000000000000e+00,5.000000000000000000e+00,5.000000000000000000e+00,5.000000000000000000e+00,5.000000000000000000e+00,5.000000000000000000e+00,4.992968082427978516e+00,1.207150220870971680e+00,1.154396772384643555e+00,1.134060263633728027e+00,1.120962738990783691e+00,1.112810969352722168e+00,1.113694071769714355e+00,1.114683389663696289e+00,3.739295244216918945e+00,3.625505447387695312e+00,3.518436193466186523e+00,3.417509555816650391e+00,3.322211742401123047e+00,3.232084989547729492e+00,3.146718502044677734e+00,3.065745592117309570e+00,2.988835334777832031e+00,2.915689706802368164e+00,1.018887639045715332e+00,9.984238147735595703e-01,9.792311787605285645e-01,9.705375432968139648e-01,9.619069695472717285e-01,9.530338048934936523e-01,9.483615756034851074e-01
4.887814521789550781e+00,5.000000000000000000e+00,5.000000000000000000e+00,5.000000000000000000e+00,5.000000000000000000e+00,5.000000000000000000e+00,5.000000000000000000e+00,5.000000000000000000e+00,5.000000000000000000e+00,5.000000000000000000e+00,5.000000000000000000e+00,5.000000000000000000e+00,5.000000000000000000e+00,5.000000000000000000e+00,5.000000000000000000e+00,5.000000000000000000e+00,5.000000000000000000e+00,5.000000000000000000e+00,5.000000000000000000e+00,5.000000000000000000e+00,5.000000000000000000e+00,5.000000000000000000e+00,5.000000000000000000e+00,5.000000000000000000e+00,5.000000000000000000e+00,5.000000000000000000e+00,5.000000000000000000e+00,5.000000000000000000e+00,5.000000000000000000e+00,5.000000000000000000e+00,5.000000000000000000e+00,5.000000000000000000e+00,5.000000000000000000e+00,5.000000000000000000e+00,5.000000000000000000e+00,5.000000000000000000e+00,5.000000000000000000e+00,5.000000000000000000e+00,5.000000000000000000e+00,5.000000000000000000e+00,5.000000000000000000e+00,5.000000000000000000e+00,5.000000000000000000e+00,5.000000000000000000e+00,5.000000000000000000e+00,5.000000000000000000e+00,5.000000000000000000e+00,5.000000000000000000e+00,5.000000000000000000e+00,5.000000000000000000e+00,5.000000000000000000e+00,5.000000000000000000e+00,5.000000000000000000e+00,5.000000000000000000e+00,5.000000000000000000e+00,4.993124485015869141e+00,4.792279720306396484e+00,1.159233093261718750e+00,1.133516550064086914e+00,1.120099425315856934e+00,1.109880924224853516e+00,1.110759377479553223e+00,1.111685752868652344e+00,3.739382743835449219e+00,3.625587701797485352e+00,3.518514156341552734e+00,3.417582988739013672e+00,3.322281122207641602e+00,3.232150316238403320e+00,3.146780490875244141e+00,3.065804719924926758e+00,2.988891601562500000e+00,2.915743112564086914e+00,1.019278407096862793e+00,9.978212118148803711e-01,9.785046577453613281e-01,9.682044386863708496e-01,9.594855904579162598e-01,9.506566524505615234e-01,9.425789713859558105e-01
4.887689113616943359e+00,5.000000000000000000e+00,5.000000000000000000e+00,5.000000000000000000e+00,5.000000000000000000e+00,5.000000000000000000e+00,5.000000000000000000e+00,5.000000000000000000e+00,5.000000000000000000e+00,5.000000000000000000e+00,5.000000000000000000e+00,5.000000000000000000e+00,5.000000000000000000e+00,5.000000000000000000e+00,5.000000000000000000e+00,5.000000000000000000e+00,5.000000000000000000e+00,5.000000000000000000e+00,5.000000000000000000e+00,5.000000000000000000e+00,5.000000000000000000e+00,5.000000000000000000e+00,5.000000000000000000e+00,5.000000000000000000e+00,5.000000000000000000e+00,5.000000000000000000e+00,5.000000000000000000e+00,5.000000000000000000e+00,5.000000000000000000e+00,5.000000000000000000e+00,5.000000000000000000e+00,5.000000000000000000e+00,5.000000000000000000e+00,5.000000000000000000e+00,5.000000000000000000e+00,5.000000000000000000e+00,5.000000000000000000e+00,5.000000000000000000e+00,5.000000000000000000e+00,5.000000000000000000e+00,5.000000000000000000e+00,5.000000000000000000e+00,5.000000000000000000e+00,5.000000000000000000e+00,5.000000000000000000e+00,5.000000000000000000e+00,5.000000000000000000e+00,5.000000000000000000e+00,5.000000000000000000e+00,5.000000000000000000e+00,5.000000000000000000e+00,5.000000000000000000e+00,5.000000000000000000e+00,5.000000000000000000e+00,5.000000000000000000e+00,4.993280887603759766e+00,4.792423725128173828e+00,1.164614439010620117e+00,1.132973313331604004e+00,1.119237661361694336e+00,1.106966257095336914e+00,1.107840180397033691e+00,1.108715295791625977e+00,3.739470720291137695e+00,3.625670194625854492e+00,3.518591642379760742e+00,3.417656421661376953e+00,3.322350740432739258e+00,3.232215881347656250e+00,3.146842718124389648e+00,3.065863609313964844e+00,2.988947391510009766e+00,2.915796518325805664e+00,1.025400638580322266e+00,9.978899359703063965e-01,9.779259562492370605e-01,9.658824801445007324e-01,9.570764303207397461e-01,9.482915997505187988e-01,9.396665692329406738e-01
4.887563228607177734e+00,5.000000000000000000e+00,5.000000000000000000e+00,5.000000000000000000e+00,5.000000000000000000e+00,5.000000000000000000e+00,5.000000000000000000e+00,5.000000000000000000e+00,5.000000000000000000e+00,5.000000000000000000e+00,5.000000000000000000e+00,5.000000000000000000e+00,5.000000000000000000e+00,5.000000000000000000e+00,5.000000000000000000e+00,5.000000000000000000e+00,5.000000000000000000e+00,5.000000000000000000e+00,5.000000000000000000e+00,5.000000000000000000e+00,5.000000000000000000e+00,5.000000000000000000e+00,5.000000000000000000e+00,5.000000000000000000e+00,5.000000000000000000e+00,5.000000000000000000e+00,5.000000000000000000e+00,5.000000000000000000e+00,5.000000000000000000e+00,5.000000000000000000e+00,5.000000000000000000e+00,5.000000000000000000e+00,5.000000000000000000e+00,5.000000000000000000e+00,5.000000000000000000e+00,5.000000000000000000e+00,5.000000000000000000e+00,5.000000000000000000e+00,5.000000000000000000e+00,5.000000000000000000e+00,5.000000000000000000e+00,5.000000000000000000e+00,5.000000000000000000e+00,5.000000000000000000e+00,5.000000000000000000e+00,5.000000000000000000e+00,5.000000000000000000e+00,5.000000000000000000e+00,5.000000000000000000e+00,5.000000000000000000e+00,5.000000000000000000e+00,5.000000000000000000e+00,5.000000000000000000e+00,5.000000000000000000e+00,5.000000000000000000e+00,4.993437767028808594e+00,4.792568206787109375e+00,1.170176267623901367e+00,1.132430672645568848e+00,1.118376970291137695e+00,1.104748129844665527e+00,1.104919075965881348e+00,1.105781674385070801e+00,3.739558696746826172e+00,3.625752925872802734e+00,3.518669366836547852e+00,3.417729616165161133e+00,3.322419643402099609e+00,3.232281684875488281e+00,3.146904945373535156e+00,3.065922498703002930e+00,2.989003658294677734e+00,2.915849685668945312e+00,2.846191167831420898e+00,9.982649683952331543e-01,9.773805737495422363e-01,9.635716676712036133e-01,9.546793103218078613e-01,9.459382295608520508e-01,9.373557567596435547e-01
4.887436866760253906e+00,5.000000000000000000e+00,5.000000000000000000e+00,5.000000000000000000e+00,5.000000000000000000e+00,5.000000000000000000e+00,5.000000000000000000e+00,5.000000000000000000e+00,5.000000000000000000e+00,5.000000000000000000e+00,5.000000000000000000e+00,5.000000000000000000e+00,5.000000000000000000e+00,5.000000000000000000e+00,5.000000000000000000e+00,5.000000000000000000e+00,5.000000000000000000e+00,5.000000000000000000e+00,5.000000000000000000e+00,5.000000000000000000e+00,5.000000000000000000e+00,5.000000000000000000e+00,5.000000000000000000e+00,5.000000000000000000e+00,5.000000000000000000e+00,5.000000000000000000e+00,5.000000000000000000e+00,5.000000000000000000e+00,5.000000000000000000e+00,5.000000000000000000e+00,5.000000000000000000e+00,5.000000000000000000e+00,5.000000000000000000e+00,5.000000000000000000e+00,5.000000000000000000e+00,5.000000000000000000e+00,5.000000000000000000e+00,5.000000000000000000e+00,5.000000000000000000e+00,5.000000000000000000e+00,5.000000000000000000e+00,5.000000000000000000e+00,5.000000000000000000e+00,5.000000000000000000e+00,5.000000000000000000e+00,5.000000000000000000e+00,5.000000000000000000e+00,5.000000000000000000e+00,5.000000000000000000e+00,5.000000000000000000e+00,5.000000000000000000e+00,5.000000000000000000e+00,5.000000000000000000e+00,5.000000000000000000e+00,5.000000000000000000e+00,4.993594169616699219e+00,4.792712688446044922e+00,1.176142096519470215e+00,1.131934642791748047e+00,1.118411779403686523e+00,1.105112314224243164e+00,1.101927995681762695e+00,1.102786064147949219e+00,3.739646196365356445e+00,3.625835657119750977e+00,3.518747329711914062e+00,3.417803049087524414e+00,3.322489023208618164e+00,3.232347011566162109e+00,3.146966934204101562e+00,3.065981626510620117e+00,2.989059925079345703e+00,2.915903329849243164e+00,2.846241950988769531e+00,9.986401200294494629e-01,9.777401685714721680e-01,9.611536264419555664e-01,9.522941112518310547e-01,9.435964226722717285e-01,9.350562691688537598e-01
4.887310981750488281e+00,5.000000000000000000e+00,5.000000000000000000e+00,5.000000000000000000e+00,5.000000000000000000e+00,5.000000000000000000e+00,5.000000000000000000e+00,5.000000000000000000e+00,5.000000000000000000e+00,5.000000000000000000e+00,5.000000000000000000e+00,5.000000000000000000e+00,5.000000000000000000e+00,5.000000000000000000e+00,5.000000000000000000e+00,5.000000000000000000e+00,5.000000000000000000e+00,5.000000000000000000e+00,5.000000000000000000e+00,5.000000000000000000e+00,5.000000000000000000e+00,5.000000000000000000e+00,5.000000000000000000e+00,5.000000000000000000e+00,5.000000000000000000e+00,5.000000000000000000e+00,5.000000000000000000e+00,5.000000000000000000e+00,5.000000000000000000e+00,5.000000000000000000e+00,5.000000000000000000e+00,5.000000000000000000e+00,5.000000000000000000e+00,5.000000000000000000e+00,5.000000000000000000e+00,5.000000000000000000e+00,5.000000000000000000e+00,5.000000000000000000e+00,5.000000000000000000e+00,5.000000000000000000e+00,5.000000000000000000e+00,5.000000000000000000e+00,5.000000000000000000e+00,5.000000000000000000e+00,5.000000000000000000e+00,5.000000000000000000e+00,5.000000000000000000e+00,5.000000000000000000e+00,5.000000000000000000e+00,5.000000000000000000e+00,5.000000000000000000e+00,5.000000000000000000e+00,5.000000000000000000e+00,5.000000000000000000e+00,5.000000000000000000e+00,4.993750572204589844e+00,4.792856693267822266e+00,1.183167457580566406e+00,1.136310935020446777e+00,1.118883252143859863e+00,1.105461239814758301e+00,1.098953008651733398e+00,1.099806427955627441e+00,3.739734172821044922e+00,3.625917911529541016e+00,3.518824815750122070e+00,3.417876482009887695e+00,3.322558641433715820e+00,3.232412815093994141e+00,3.147029161453247070e+00,3.066040515899658203e+00,2.989115715026855469e+00,2.915956735610961914e+00,2.846292972564697266e+00,9.990928173065185547e-01,9.787619113922119141e-01,9.592421054840087891e-01,9.501292109489440918e-01,9.414795041084289551e-01,9.329858422279357910e-01
4.887264251708984375e+00,5.000000000000000000e+00,5.000000000000000000e+00,5.000000000000000000e+00,5.000000000000000000e+00,5.000000000000000000e+00,5.000000000000000000e+00,5.000000000000000000e+00,5.000000000000000000e+00,5.000000000000000000e+00,5.000000000000000000e+00,5.000000000000000000e+00,5.000000000000000000e+00,5.000000000000000000e+00,5.000000000000000000e+00,5.000000000000000000e+00,5.000000000000000000e+00,5.000000000000000000e+00,5.000000000000000000e+00,5.000000000000000000e+00,5.000000000000000000e+00,5.000000000000000000e+00,5.000000000000000000e+00,5.000000000000000000e+00,5.000000000000000000e+00,5.000000000000000000e+00,5.000000000000000000e+00,5.000000000000000000e+00,5.000000000000000000e+00,5.000000000000000000e+00,5.000000000000000000e+00,5.000000000000000000e+00,5.000000000000000000e+00,5.000000000000000000e+00,5.000000000000000000e+00,5.000000000000000000e+00,5.000000000000000000e+00,5.000000000000000000e+00,5.000000000000000000e+00,5.000000000000000000e+00,5.000000000000000000e+00,5.000000000000000000e+00,5.000000000000000000e+00,5.000000000000000000e+00,5.000000000000000000e+00,5.000000000000000000e+00,5.000000000000000000e+00,5.000000000000000000e+00,5.000000000000000000e+00,5.000000000000000000e+00,5.000000000000000000e+00,5.000000000000000000e+00,5.000000000000000000e+00,5.000000000000000000e+00,5.000000000000000000e+00,4.993907451629638672e+00,4.793000698089599609e+00,4.607634544372558594e+00,1.142707109451293945e+00,1.119355082511901855e+00,1.105810403823852539e+00,1.096204638481140137e+00,1.096842885017395020e+00,3.739822149276733398e+00,3.626000642776489258e+00,3.518902540206909180e+00,3.417949676513671875e+00,3.322627544403076172e+00,3.232478380203247070e+00,3.147091627120971680e+00,3.066099643707275391e+00,2.989171981811523438e+00,2.916009902954101562e+00,2.846343755722045898e+00,1.015833020210266113e+00,9.804052710533142090e-01,9.608203768730163574e-01,9.479982256889343262e-01,9.393871426582336426e-01,9.309309720993041992e-01
4.872827529907226562e+00,4.871611118316650391e+00,4.870394706726074219e+00,4.869179725646972656e+00,4.867964744567871094e+00,4.866750717163085938e+00,4.865537643432617188e+00,4.864324569702148438e+00,4.863111972808837891e+00,4.861900329589843750e+00,4.860689163208007812e+00,4.859478950500488281e+00,4.858269214630126953e+00,4.857059955596923828e+00,4.855851173400878906e+00,4.854642868041992188e+00,4.853435516357421875e+00,4.852228641510009766e+00,4.851022720336914062e+00,4.849816799163818359e+00,4.848611831665039062e+00,4.847407341003417969e+00,4.846203327178955078e+00,4.845000267028808594e+00,4.843797206878662109e+00,4.842595577239990234e+00,4.841393947601318359e+00,4.840193271636962891e+00,4.838992595672607422e+00,4.837792873382568359e+00,4.836593627929687500e+00,4.835395336151123047e+00,4.834197521209716797e+00,4.833000183105468750e+00,4.831802845001220703e+00,4.830606937408447266e+00,4.829411506652832031e+00,4.828216552734375000e+00,4.827022075653076172e+00,4.825828552246093750e+00,4.824635505676269531e+00,4.823442459106445312e+00,4.822250843048095703e+00,4.821059226989746094e+00,4.819868564605712891e+00,4.818678379058837891e+00,4.817488670349121094e+00,4.816299438476562500e+00,4.815110683441162109e+00,4.813922882080078125e+00,4.812735557556152344e+00,4.811549186706542969e+00,4.810362815856933594e+00,4.809177398681640625e+00,4.807991981506347656e+00,4.806807994842529297e+00,4.793145179748535156e+00,4.607767581939697266e+00,1.149175524711608887e+00,1.119827270507812500e+00,1.106159806251525879e+00,1.095541596412658691e+00,1.093895435333251953e+00,1.107505083084106445e+00,3.626083135604858398e+00,3.518980503082275391e+00,3.418023109436035156e+00,3.322697162628173828e+00,3.232543945312500000e+00,3.147153615951538086e+00,3.066158771514892578e+00,2.989228010177612305e+00,2.916063308715820312e+00,2.846394538879394531e+00,2.779977083206176758e+00,9.820156097412109375e-01,9.624038338661193848e-01,9.458768367767333984e-01,9.373040199279785156e-01,9.288851618766784668e-01
3.776823759078979492e+00,3.776092767715454102e+00,3.775362253189086914e+00,3.774631977081298828e+00,3.773902177810668945e+00,3.773172140121459961e+00,3.772442579269409180e+00,3.771713495254516602e+00,3.770984411239624023e+00,3.770256042480468750e+00,3.769527673721313477e+00,3.768799781799316406e+00,3.768071889877319336e+00,3.767344236373901367e+00,3.766617298126220703e+00,3.765890121459960938e+00,3.765163898468017578e+00,3.764437198638916016e+00,3.763710975646972656e+00,3.762985467910766602e+00,3.762259721755981445e+00,3.761534690856933594e+00,3.760809659957885742e+00,3.760085105895996094e+00,3.759360551834106445e+00,3.758636236190795898e+00,3.757912635803222656e+00,3.757188796997070312e+00,3.756465911865234375e+00,3.755742549896240234e+00,3.755020141601562500e+00,3.754297494888305664e+00,3.753575086593627930e+00,3.752853393554687500e+00,3.752131700515747070e+00,3.751410484313964844e+00,3.750689268112182617e+00,3.749968767166137695e+00,3.749248027801513672e+00,3.748527526855468750e+00,3.747807979583740234e+00,3.747087955474853516e+00,3.746368885040283203e+00,3.745649576187133789e+00,3.744930505752563477e+00,3.744212150573730469e+00,3.743493795394897461e+00,3.742775917053222656e+00,3.742058038711547852e+00,3.741340875625610352e+00,3.740623474121093750e+00,3.739906311035156250e+00,3.739189863204956055e+00,3.738473415374755859e+00,3.737757444381713867e+00,3.737041473388671875e+00,3.736326217651367188e+00,3.735610723495483398e+00,1.156129717826843262e+00,1.120299935340881348e+00,1.106509327888488770e+00,1.094879150390625000e+00,1.090963721275329590e+00,1.105184435844421387e+00,3.626165628433227539e+00,3.519057989120483398e+00,3.418096542358398438e+00,3.322766542434692383e+00,3.232609510421752930e+00,3.147215843200683594e+00,3.066217660903930664e+00,2.989284276962280273e+00,2.916116952896118164e+00,2.846445560455322266e+00,2.780025720596313477e+00,9.831191897392272949e-01,9.639925956726074219e-01,9.450516700744628906e-01,9.352301955223083496e-01,9.268484115600585938e-01
3.083318948745727539e+00,3.082831859588623047e+00,3.082344770431518555e+00,3.081858158111572266e+00,3.081371307373046875e+00,3.080884933471679688e+00,3.080398559570312500e+00,3.079912424087524414e+00,3.079426288604736328e+00,3.078940153121948242e+00,3.078454732894897461e+00,3.077969074249267578e+00,3.077483654022216797e+00,3.076998233795166016e+00,3.076513290405273438e+00,3.076028108596801758e+00,3.075543165206909180e+00,3.075058698654174805e+00,3.074573993682861328e+00,3.074090003967285156e+00,3.073605537414550781e+00,3.073121309280395508e+00,3.072637557983398438e+00,3.072153806686401367e+00,3.071670293807983398e+00,3.071186780929565430e+00,3.070703506469726562e+00,3.070220232009887695e+00,3.069737195968627930e+00,3.069254636764526367e+00,3.068771600723266602e+00,3.068289279937744141e+00,3.067806959152221680e+00,3.067324876785278320e+00,3.066842555999755859e+00,3.066360473632812500e+00,3.065878868103027344e+00,3.065397262573242188e+00,3.064915895462036133e+00,3.064434528350830078e+00,3.063953399658203125e+00,3.063472270965576172e+00,3.062991380691528320e+00,3.062510728836059570e+00,3.062030076980590820e+00,3.061549901962280273e+00,3.061069488525390625e+00,3.060589551925659180e+00,3.060109376907348633e+00,3.059629440307617188e+00,3.059149980545043945e+00,3.058670282363891602e+00,3.058191061019897461e+00,3.057711601257324219e+00,3.057232618331909180e+00,3.056753635406494141e+00,3.056274890899658203e+00,3.055796384811401367e+00,1.163410663604736328e+00,1.120772957801818848e+00,1.106859207153320312e+00,1.094217658042907715e+00,1.088069677352905273e+00,1.102873444557189941e+00,3.052450180053710938e+00,3.051972627639770508e+00,3.051495552062988281e+00,3.051018476486206055e+00,3.050541162490844727e+00,3.050064563751220703e+00,3.049587726593017578e+00,2.989340305328369141e+00,2.916170120239257812e+00,2.846496343612670898e+00,2.780074357986450195e+00,9.879497885704040527e-01,9.653168916702270508e-01,9.465835690498352051e-01,9.331654906272888184e-01,9.248204827308654785e-01
2.604987859725952148e+00,2.604640245437622070e+00,2.604292631149291992e+00,2.603945255279541016e+00,2.603597640991210938e+00,2.603250265121459961e+00,2.602903127670288086e+00,2.602555751800537109e+00,2.602208852767944336e+00,2.601861715316772461e+00,2.601515054702758789e+00,2.601168155670166016e+00,2.600821495056152344e+00,2.600474834442138672e+00,2.600128412246704102e+00,2.599781990051269531e+00,2.599435567855834961e+00,2.599089384078979492e+00,2.598743200302124023e+00,2.598397016525268555e+00,2.598051309585571289e+00,2.597705364227294922e+00,2.597359657287597656e+00,2.597013950347900391e+00,2.596668243408203125e+00,2.596322774887084961e+00,2.595977306365966797e+00,2.595632076263427734e+00,2.595286846160888672e+00,2.594941854476928711e+00,2.594596624374389648e+00,2.594251632690429688e+00,2.593906879425048828e+00,2.593562126159667969e+00,2.593217372894287109e+00,2.592872858047485352e+00,2.592528343200683594e+00,2.592183828353881836e+00,2.591839551925659180e+00,2.591495513916015625e+00,2.591151237487792969e+00,2.590807199478149414e+00,2.590463399887084961e+00,2.590119600296020508e+00,2.589775800704956055e+00,2.589432001113891602e+00,2.589088439941406250e+00,2.588744878768920898e+00,2.588401556015014648e+00,2.588058233261108398e+00,2.587715148925781250e+00,2.587372064590454102e+00,2.587028980255126953e+00,2.586686134338378906e+00,2.586343050003051758e+00,2.586000442504882812e+00,2.585657835006713867e+00,2.585314989089965820e+00,1.170783758163452148e+00,1.123426675796508789e+00,1.107209205627441406e+00,1.093556880950927734e+00,1.108739972114562988e+00,2.583261728286743164e+00,2.582919597625732422e+00,2.582577943801879883e+00,2.582236051559448242e+00,2.581894397735595703e+00,2.581552743911743164e+00,2.581211566925048828e+00,2.580869913101196289e+00,2.580528497695922852e+00,2.580187559127807617e+00,2.579846143722534180e+00,2.579505443572998047e+00,2.579164266586303711e+00,9.663831591606140137e-01,9.481204152107238770e-01,9.311098456382751465e-01,9.228014945983886719e-01
2.255136966705322266e+00,2.254876613616943359e+00,2.254616022109985352e+00,2.254355430603027344e+00,2.254095077514648438e+00,2.253834724426269531e+00,2.253574371337890625e+00,2.253314256668090820e+00,2.253053903579711914e+00,2.252793788909912109e+00,2.252533674240112305e+00,2.252273797988891602e+00,2.252013921737670898e+00,2.251754045486450195e+00,2.251494169235229492e+00,2.251234292984008789e+00,2.250974893569946289e+00,2.250715017318725586e+00,2.250455617904663086e+00,2.250195980072021484e+00,2.249936580657958984e+00,2.249677181243896484e+00,2.249417781829833984e+00,2.249158620834350586e+00,2.248899459838867188e+00,2.248640298843383789e+00,2.248381137847900391e+00,2.248122215270996094e+00,2.247863054275512695e+00,2.247604131698608398e+00,2.247345447540283203e+00,2.247086524963378906e+00,2.246827840805053711e+00,2.246569156646728516e+00,2.246310472488403320e+00,2.246052026748657227e+00,2.245793342590332031e+00,2.245535135269165039e+00,2.245276689529418945e+00,2.245018243789672852e+00,2.244760036468505859e+00,2.244501829147338867e+00,2.244243621826171875e+00,2.243985652923583984e+00,2.243727684020996094e+00,2.243469476699829102e+00,2.243211746215820312e+00,2.242953777313232422e+00,2.242696046829223633e+00,2.242438316345214844e+00,2.242180585861206055e+00,2.241923093795776367e+00,2.241665601730346680e+00,2.241408109664916992e+00,2.241150617599487305e+00,2.240893125534057617e+00,2.240635871887207031e+00,2.240378618240356445e+00,2.240121603012084961e+00,1.150310873985290527e+00,1.120661854743957520e+00,1.111464858055114746e+00,1.107208490371704102e+00,2.238836288452148438e+00,2.238579511642456055e+00,2.238322734832763672e+00,2.238065958023071289e+00,2.237809181213378906e+00,2.237552642822265625e+00,2.237296104431152344e+00,2.237039804458618164e+00,2.236783266067504883e+00,2.236526966094970703e+00,2.236270666122436523e+00,2.236014366149902344e+00,2.235758066177368164e+00,9.674517512321472168e-01,9.491766691207885742e-01,9.312749505043029785e-01,9.207912087440490723e-01
1.988130331039428711e+00,1.987927794456481934e+00,1.987725496292114258e+00,1.987522959709167480e+00,1.987320423126220703e+00,1.987118005752563477e+00,1.986915707588195801e+00,1.986713528633117676e+00,1.986511230468750000e+00,1.986309051513671875e+00,1.986106753349304199e+00,1.985904812812805176e+00,1.985702753067016602e+00,1.985500574111938477e+00,1.985298514366149902e+00,1.985096573829650879e+00,1.984894871711730957e+00,1.984692931175231934e+00,1.984490990638732910e+00,1.984289050102233887e+00,1.984087347984313965e+00,1.983885765075683594e+00,1.983684062957763672e+00,1.983482360839843750e+00,1.983280777931213379e+00,1.983079075813293457e+00,1.982877731323242188e+00,1.982676267623901367e+00,1.982474803924560547e+00,1.982273340225219727e+00,1.982072234153747559e+00,1.981870770454406738e+00,1.981669545173645020e+00,1.981468200683593750e+00,1.981266975402832031e+00,1.981065988540649414e+00,1.980864882469177246e+00,1.980663776397705078e+00,1.980462670326232910e+00,1.980261683464050293e+00,1.980060935020446777e+00,1.979859948158264160e+00,1.979659080505371094e+00,1.979458093643188477e+00,1.979257345199584961e+00,1.979056715965270996e+00,1.978855967521667480e+00,1.978655338287353516e+00,1.978454589843750000e+00,1.978254199028015137e+00,1.978053689002990723e+00,1.977853059768676758e+00,1.977652549743652344e+00,1.977452158927917480e+00,1.977251887321472168e+00,1.977051496505737305e+00,1.976851224899291992e+00,1.976650953292846680e+00,1.976450681686401367e+00,1.152983546257019043e+00,1.121299266815185547e+00,1.109283089637756348e+00,1.104979157447814941e+00,1.102443337440490723e+00,1.975250363349914551e+00,1.975050449371337891e+00,1.974850416183471680e+00,1.974650621414184570e+00,1.974450945854187012e+00,1.974251151084899902e+00,1.974051356315612793e+00,1.973851561546325684e+00,1.973651885986328125e+00,1.973452448844909668e+00,1.973252892494201660e+00,1.973053336143493652e+00,9.722216129302978516e-01,9.502075314521789551e-01,9.325721263885498047e-01,9.187897443771362305e-01
1.777657032012939453e+00,1.777495026588439941e+00,1.777333140373229980e+00,1.777171373367309570e+00,1.777009487152099609e+00,1.776847720146179199e+00,1.776685833930969238e+00,1.776524305343627930e+00,1.776362538337707520e+00,1.776200771331787109e+00,1.776039004325866699e+00,1.775877356529235840e+00,1.775715947151184082e+00,1.775554299354553223e+00,1.775392770767211914e+00,1.775231122970581055e+00,1.775069594383239746e+00,1.774908304214477539e+00,1.774746894836425781e+00,1.774585366249084473e+00,1.774423956871032715e+00,1.774262666702270508e+00,1.774101495742797852e+00,1.773940086364746094e+00,1.773778796195983887e+00,1.773617625236511230e+00,1.773456573486328125e+00,1.773295283317565918e+00,1.773134112358093262e+00,1.772972941398620605e+00,1.772811889648437500e+00,1.772650957107543945e+00,1.772489905357360840e+00,1.772328853607177734e+00,1.772167921066284180e+00,1.772006869316101074e+00,1.771846175193786621e+00,1.771685242652893066e+00,1.771524310111999512e+00,1.771363496780395508e+00,1.771202802658081055e+00,1.771041989326477051e+00,1.770881295204162598e+00,1.770720481872558594e+00,1.770559787750244141e+00,1.770399332046508789e+00,1.770238637924194336e+00,1.770078063011169434e+00,1.769917488098144531e+00,1.769756913185119629e+00,1.769596576690673828e+00,1.769436001777648926e+00,1.769275546073913574e+00,1.769115090370178223e+00,1.768954634666442871e+00,1.768794536590576172e+00,1.768634080886840820e+00,1.768473744392395020e+00,1.164864897727966309e+00,1.140522003173828125e+00,1.120759487152099609e+00,1.109092235565185547e+00,1.101797699928283691e+00,1.097338199615478516e+00,1.767352700233459473e+00,1.767192602157592773e+00,1.767032504081726074e+00,1.766872406005859375e+00,1.766712427139282227e+00,1.766552686691284180e+00,1.766392707824707031e+00,1.766232728958129883e+00,1.766072869300842285e+00,1.765913248062133789e+00,1.765753388404846191e+00,1.765593528747558594e+00,1.765433788299560547e+00,9.512406587600708008e-01,9.335672259330749512e-01,9.167968630790710449e-01
1.607481122016906738e+00,1.607348680496215820e+00,1.607216238975524902e+00,1.607084035873413086e+00,1.606951594352722168e+00,1.606819272041320801e+00,1.606686949729919434e+00,1.606554627418518066e+00,1.606422543525695801e+00,1.606290221214294434e+00,1.606158018112182617e+00,1.606025695800781250e+00,1.605893492698669434e+00,1.605761528015136719e+00,1.605629324913024902e+00,1.605497241020202637e+00,1.605365037918090820e+00,1.605233192443847656e+00,1.605101108551025391e+00,1.604969024658203125e+00,1.604836940765380859e+00,1.604704976081848145e+00,1.604573130607604980e+00,1.604441165924072266e+00,1.604309201240539551e+00,1.604177355766296387e+00,1.604045391082763672e+00,1.603913664817810059e+00,1.603781819343566895e+00,1.603649973869323730e+00,1.603518128395080566e+00,1.603386402130126953e+00,1.603254795074462891e+00,1.603123068809509277e+00,1.602991342544555664e+00,1.602859616279602051e+00,1.602728009223937988e+00,1.602596402168273926e+00,1.602464795112609863e+00,1.602333188056945801e+00,1.602201581001281738e+00,1.602070093154907227e+00,1.601938605308532715e+00,1.601806998252868652e+00,1.601675510406494141e+00,1.601544022560119629e+00,1.601412653923034668e+00,1.601281285285949707e+00,1.601149797439575195e+00,1.601018428802490234e+00,1.600887179374694824e+00,1.600755810737609863e+00,1.600624561309814453e+00,1.600493192672729492e+00,1.600361943244934082e+00,1.600230813026428223e+00,1.209851622581481934e+00,1.172654151916503906e+00,1.150593996047973633e+00,1.133812785148620605e+00,1.119368672370910645e+00,1.107632517814636230e+00,1.098092794418334961e+00,1.091656923294067383e+00,1.100010991096496582e+00,1.598919510841369629e+00,1.598788499832153320e+00,1.598657488822937012e+00,1.598526477813720703e+00,1.598395586013793945e+00,1.598264694213867188e+00,1.598133802413940430e+00,1.598002910614013672e+00,1.597872018814086914e+00,1.597741246223449707e+00,1.597610354423522949e+00,1.597479581832885742e+00,1.597348809242248535e+00,9.462186694145202637e-01,9.256271719932556152e-01
1.467040657997131348e+00,1.466930389404296875e+00,1.466820001602172852e+00,1.466709733009338379e+00,1.466599583625793457e+00,1.466489434242248535e+00,1.466379165649414062e+00,1.466268897056579590e+00,1.466158747673034668e+00,1.466048717498779297e+00,1.465938448905944824e+00,1.465828299522399902e+00,1.465718269348144531e+00,1.465608239173889160e+00,1.465498089790344238e+00,1.465388059616088867e+00,1.465278029441833496e+00,1.465167880058288574e+00,1.465058088302612305e+00,1.464948058128356934e+00,1.464838027954101562e+00,1.464727997779846191e+00,1.464618086814880371e+00,1.464508295059204102e+00,1.464398264884948730e+00,1.464288353919982910e+00,1.464178442955017090e+00,1.464068770408630371e+00,1.463958859443664551e+00,1.463848948478698730e+00,1.463739156723022461e+00,1.463629364967346191e+00,1.463519692420959473e+00,1.463409900665283203e+00,1.463300108909606934e+00,1.463190317153930664e+00,1.463080644607543945e+00,1.462971091270446777e+00,1.462861299514770508e+00,1.462751626968383789e+00,1.462641954421997070e+00,1.462532281875610352e+00,1.462422847747802734e+00,1.462313175201416016e+00,1.462203621864318848e+00,1.462094068527221680e+00,1.461984634399414062e+00,1.461875081062316895e+00,1.461765527725219727e+00,1.461655974388122559e+00,1.461546421051025391e+00,1.461437106132507324e+00,1.461327672004699707e+00,1.461218237876892090e+00,1.225942850112915039e+00,1.190530776977539062e+00,1.169608831405639648e+00,1.155382275581359863e+00,1.142033696174621582e+00,1.128690719604492188e+00,1.116589903831481934e+00,1.104765295982360840e+00,1.094359993934631348e+00,1.088501095771789551e+00,1.095054149627685547e+00,1.459906339645385742e+00,1.459797143936157227e+00,1.459687948226928711e+00,1.459578752517700195e+00,1.459469437599182129e+00,1.459360480308532715e+00,1.459251284599304199e+00,1.459142088890075684e+00,1.459033012390136719e+00,1.458923935890197754e+00,1.458814978599548340e+00,1.458705782890319824e+00,1.458596825599670410e+00,9.424277544021606445e-01,9.227389693260192871e-01
1.349168062210083008e+00,1.349074840545654297e+00,1.348981499671936035e+00,1.348888278007507324e+00,1.348795056343078613e+00,1.348701834678649902e+00,1.348608613014221191e+00,1.348515391349792480e+00,1.348422169685363770e+00,1.348329067230224609e+00,1.348235964775085449e+00,1.348142743110656738e+00,1.348049640655517578e+00,1.347956418991088867e+00,1.347863435745239258e+00,1.347770333290100098e+00,1.347677230834960938e+00,1.347584128379821777e+00,1.347491025924682617e+00,1.347398042678833008e+00,1.347305059432983398e+00,1.347211956977844238e+00,1.347118973731994629e+00,1.347026109695434570e+00,1.346933126449584961e+00,1.346840023994445801e+00,1.346747159957885742e+00,1.346654176712036133e+00,1.346561312675476074e+00,1.346468329429626465e+00,1.346375465393066406e+00,1.346282482147216797e+00,1.346189618110656738e+00,1.346096873283386230e+00,1.346004009246826172e+00,1.345911145210266113e+00,1.345818281173706055e+00,1.345725536346435547e+00,1.345632672309875488e+00,1.345539927482604980e+00,1.345447063446044922e+00,1.345354318618774414e+00,1.345261573791503906e+00,1.345168828964233398e+00,1.345076084136962891e+00,1.344983339309692383e+00,1.344890713691711426e+00,1.344798088073730469e+00,1.344705343246459961e+00,1.344612717628479004e+00,1.344519972801208496e+00,1.344427347183227539e+00,1.344334840774536133e+00,1.344242215156555176e+00,1.214664697647094727e+00,1.190841436386108398e+00,1.170427560806274414e+00,1.160953998565673828e+00,1.343779325485229492e+00,1.343686699867248535e+00,1.343594193458557129e+00,1.117222547531127930e+00,1.105474114418029785e+00,1.102038145065307617e+00,1.343224287033081055e+00,1.343131780624389648e+00,1.343039393424987793e+00,1.342947006225585938e+00,1.342854499816894531e+00,1.342762112617492676e+00,1.342669725418090820e+00,1.342577338218688965e+00,1.342484951019287109e+00,1.342392563819885254e+00,1.342300295829772949e+00,1.342208027839660645e+00,1.342115640640258789e+00,9.518874287605285645e-01,9.355390071868896484e-01,9.178157448768615723e-01
1.248828291893005371e+00,1.248748421669006348e+00,1.248668551445007324e+00,1.248588562011718750e+00,1.248508691787719727e+00,1.248428821563720703e+00,1.248348951339721680e+00,1.248269081115722656e+00,1.248189210891723633e+00,1.248109340667724609e+00,1.248029589653015137e+00,1.247949838638305664e+00,1.247869968414306641e+00,1.247790098190307617e+00,1.247710466384887695e+00,1.247630596160888672e+00,1.247550845146179199e+00,1.247471094131469727e+00,1.247391343116760254e+00,1.247311592102050781e+00,1.247231960296630859e+00,1.247152209281921387e+00,1.247072458267211914e+00,1.246992707252502441e+00,1.246913075447082520e+00,1.246833443641662598e+00,1.246753692626953125e+00,1.246674060821533203e+00,1.246594429016113281e+00,1.246514797210693359e+00,1.246435165405273438e+00,1.246355533599853516e+00,1.246275901794433594e+00,1.246196389198303223e+00,1.246116876602172852e+00,1.246037244796752930e+00,1.245957612991333008e+00,1.245878100395202637e+00,1.245798587799072266e+00,1.245719075202941895e+00,1.245639562606811523e+00,1.245559930801391602e+00,1.245480418205261230e+00,1.245401024818420410e+00,1.245321512222290039e+00,1.245241999626159668e+00,1.245162606239318848e+00,1.245083212852478027e+00,1.245003700256347656e+00,1.244924306869506836e+00,1.244844794273376465e+00,1.244765400886535645e+00,1.244686126708984375e+00,1.244606733322143555e+00,1.244527339935302734e+00,1.244447946548461914e+00,1.244368553161621094e+00,1.244289278984069824e+00,1.244209885597229004e+00,1.244130492210388184e+00,1.244051218032836914e+00,1.243971824645996094e+00,1.243892669677734375e+00,1.243813395500183105e+00,1.243734002113342285e+00,1.243654727935791016e+00,1.243575572967529297e+00,1.243496298789978027e+00,1.243417024612426758e+00,1.243337750434875488e+00,1.243258595466613770e+00,1.243179440498352051e+00,1.243100166320800781e+00,1.243021011352539062e+00,1.242941856384277344e+00,9.736499190330505371e-01,9.569522142410278320e-01,9.437060356140136719e-01,9.283126592636108398e-01,9.162409901618957520e-01
1.162380218505859375e+00,1.162311077117919922e+00,1.162241816520690918e+00,1.162172555923461914e+00,1.162103295326232910e+00,1.162034153938293457e+00,1.161965012550354004e+00,1.161895751953125000e+00,1.161826610565185547e+00,1.161757349967956543e+00,1.161688327789306641e+00,1.161619186401367188e+00,1.161549925804138184e+00,1.161480784416198730e+00,1.161411643028259277e+00,1.161342620849609375e+00,1.161273479461669922e+00,1.161204338073730469e+00,1.161135196685791016e+00,1.161066174507141113e+00,1.160997152328491211e+00,1.160928010940551758e+00,1.160858988761901855e+00,1.160789847373962402e+00,1.160720825195312500e+00,1.160651803016662598e+00,1.160582780838012695e+00,1.160513758659362793e+00,1.160444736480712891e+00,1.160375714302062988e+00,1.160306692123413086e+00,1.160237669944763184e+00,1.160168766975402832e+00,1.160099744796752930e+00,1.160030841827392578e+00,1.159961819648742676e+00,1.159892916679382324e+00,1.159823894500732422e+00,1.159754991531372070e+00,1.159686088562011719e+00,1.159617185592651367e+00,1.159548282623291016e+00,1.159479379653930664e+00,1.159410476684570312e+00,1.159341573715209961e+00,1.159272670745849609e+00,1.159203767776489258e+00,1.159134984016418457e+00,1.159066081047058105e+00,1.158997297286987305e+00,1.158928394317626953e+00,1.158859610557556152e+00,1.158790707588195801e+00,1.158722043037414551e+00,1.158653140068054199e+00,1.158584356307983398e+00,1.158515572547912598e+00,1.158446788787841797e+00,1.158378005027770996e+00,1.158309340476989746e+00,1.158240556716918945e+00,1.158171772956848145e+00,1.158103108406066895e+00,1.158034324645996094e+00,1.157965660095214844e+00,1.157896876335144043e+00,1.157828211784362793e+00,1.157759547233581543e+00,1.157690882682800293e+00,1.157622098922729492e+00,1.157553434371948242e+00,1.026196122169494629e+00,1.008203029632568359e+00,9.910322427749633789e-01,9.766505956649780273e-01,9.644135832786560059e-01,9.520884752273559570e-01,9.406760931015014648e-01,9.283496737480163574e-01,9.162545800209045410e-01
1.087125778198242188e+00,1.087065219879150391e+00,1.087004661560058594e+00,1.086944103240966797e+00,1.086883544921875000e+00,1.086822986602783203e+00,1.086762547492980957e+00,1.086701989173889160e+00,1.086641430854797363e+00,1.086580991744995117e+00,1.086520433425903320e+00,1.086459994316101074e+00,1.086399435997009277e+00,1.086338996887207031e+00,1.086278438568115234e+00,1.086217999458312988e+00,1.086157560348510742e+00,1.086097121238708496e+00,1.086036682128906250e+00,1.085976243019104004e+00,1.085915803909301758e+00,1.085855364799499512e+00,1.085794925689697266e+00,1.085734486579895020e+00,1.085674166679382324e+00,1.085613727569580078e+00,1.085553407669067383e+00,1.085492968559265137e+00,1.085432529449462891e+00,1.085372209548950195e+00,1.085311889648437500e+00,1.085251450538635254e+00,1.085191130638122559e+00,1.085130810737609863e+00,1.085070371627807617e+00,1.085010170936584473e+00,1.084949731826782227e+00,1.084889411926269531e+00,1.084829092025756836e+00,1.084768891334533691e+00,1.084708571434020996e+00,1.084648251533508301e+00,1.084587931632995605e+00,1.084527611732482910e+00,1.084467411041259766e+00,1.084407091140747070e+00,1.084346890449523926e+00,1.084286570549011230e+00,1.084226369857788086e+00,1.084166169166564941e+00,1.084105849266052246e+00,1.084045648574829102e+00,1.083985447883605957e+00,1.083925247192382812e+00,1.083865046501159668e+00,1.083804845809936523e+00,1.083744645118713379e+00,1.083684444427490234e+00,1.083624243736267090e+00,1.083564162254333496e+00,1.083503961563110352e+00,1.083443760871887207e+00,1.083383560180664062e+00,1.083323478698730469e+00,1.083263397216796875e+00,1.083203196525573730e+00,1.083142995834350586e+00,1.083082914352416992e+00,1.083022832870483398e+00,1.049805164337158203e+00,1.028206229209899902e+00,1.013633608818054199e+00,9.973593354225158691e-01,9.824249148368835449e-01,9.709386825561523438e-01,9.631825685501098633e-01,9.553657174110412598e-01,9.430167078971862793e-01,9.304286241531372070e-01,9.179853796958923340e-01
1.021023035049438477e+00,1.020969510078430176e+00,1.020916223526000977e+00,1.020862817764282227e+00,1.020809292793273926e+00,1.020755887031555176e+00,1.020702481269836426e+00,1.020649194717407227e+00,1.020595788955688477e+00,1.020542383193969727e+00,1.020488977432250977e+00,1.020435690879821777e+00,1.020382285118103027e+00,1.020328998565673828e+00,1.020275592803955078e+00,1.020222187042236328e+00,1.020168900489807129e+00,1.020115613937377930e+00,1.020062208175659180e+00,1.020008921623229980e+00,1.019955635070800781e+00,1.019902348518371582e+00,1.019849061965942383e+00,1.019795775413513184e+00,1.019742369651794434e+00,1.019689083099365234e+00,1.019635915756225586e+00,1.019582629203796387e+00,1.019529342651367188e+00,1.019476056098937988e+00,1.019422769546508789e+00,1.019369602203369141e+00,1.019316315650939941e+00,1.019263029098510742e+00,1.019209742546081543e+00,1.019156575202941895e+00,1.019103407859802246e+00,1.019050121307373047e+00,1.018996834754943848e+00,1.018943667411804199e+00,1.018890500068664551e+00,1.018837332725524902e+00,1.018784046173095703e+00,1.018730878829956055e+00,1.018677711486816406e+00,1.018624544143676758e+00,1.018571376800537109e+00,1.018518209457397461e+00,1.018465042114257812e+00,1.018411874771118164e+00,1.018358826637268066e+00,1.018305659294128418e+00,1.018252491950988770e+00,1.018199324607849121e+00,1.018146276473999023e+00,1.018093109130859375e+00,1.018039941787719727e+00,1.017986893653869629e+00,1.017933726310729980e+00,1.017880678176879883e+00,1.017827630043029785e+00,1.017774462699890137e+00,1.017721414566040039e+00,1.017668366432189941e+00,1.017615318298339844e+00,1.017562150955200195e+00,1.017509102821350098e+00,1.017456054687500000e+00,1.017403006553649902e+00,1.017349958419799805e+00,1.017296910285949707e+00,1.017243862152099609e+00,1.017190814018249512e+00,9.843007922172546387e-01,9.768463969230651855e-01,9.807041883468627930e-01,9.861205220222473145e-01,9.728273749351501465e-01,9.597192406654357910e-01,9.397574067115783691e-01
9.624982476234436035e-01,9.624507427215576172e-01,9.624032378196716309e-01,9.623559117317199707e-01,9.623084068298339844e-01,9.622609615325927734e-01,9.622135162353515625e-01,9.621660113334655762e-01,9.621185660362243652e-01,9.620711207389831543e-01,9.620236754417419434e-01,9.619762301445007324e-01,9.619289636611938477e-01,9.618815183639526367e-01,9.618340730667114258e-01,9.617866873741149902e-01,9.617392420768737793e-01,9.616918563842773438e-01,9.616444110870361328e-01,9.615970253944396973e-01,9.615496397018432617e-01,9.615022540092468262e-01,9.614549875259399414e-01,9.614076018333435059e-01,9.613602161407470703e-01,9.613128304481506348e-01,9.612655043601989746e-01,9.612181186676025391e-01,9.611707329750061035e-01,9.611234068870544434e-01,9.610760807991027832e-01,9.610288143157958984e-01,9.609814882278442383e-01,9.609341621398925781e-01,9.608868360519409180e-01,9.608395099639892578e-01,9.607921838760375977e-01,9.607448577880859375e-01,9.606975317001342773e-01,9.606502056121826172e-01,9.606030583381652832e-01,9.605557322502136230e-01,9.605084657669067383e-01,9.604611396789550781e-01,9.604138731956481934e-01,9.603666067123413086e-01,9.603193402290344238e-01,9.602720737457275391e-01,9.602248072624206543e-01,9.601775407791137695e-01,9.601303935050964355e-01,9.600831270217895508e-01,9.600358605384826660e-01,9.599886536598205566e-01,9.599413871765136719e-01,9.598941802978515625e-01,9.598469138145446777e-01,9.597997069358825684e-01,9.597525000572204590e-01,9.597053527832031250e-01,9.596581459045410156e-01,9.596109390258789062e-01,9.595637917518615723e-01,9.595165848731994629e-01,9.594693779945373535e-01,9.594221711158752441e-01,9.593750238418579102e-01,9.593278169631958008e-01,9.592806696891784668e-01,9.592335820198059082e-01,9.591864347457885742e-01,9.591392874717712402e-01,9.590921401977539062e-01,9.590449929237365723e-01,9.589978456497192383e-01,9.589506983757019043e-01,9.589035511016845703e-01,9.588564038276672363e-01,9.588093757629394531e-01,9.587622880935668945e-01
9.103190302848815918e-01,9.102765321731567383e-01,9.102340936660766602e-01,9.101915955543518066e-01,9.101491570472717285e-01,9.101066589355468750e-01,9.100642204284667969e-01,9.100217819213867188e-01,9.099794030189514160e-01,9.099369645118713379e-01,9.098945260047912598e-01,9.098520874977111816e-01,9.098096489906311035e-01,9.097672700881958008e-01,9.097248315811157227e-01,9.096823930740356445e-01,9.096399545669555664e-01,9.095976352691650391e-01,9.095552563667297363e-01,9.095128774642944336e-01,9.094704389572143555e-01,9.094280600547790527e-01,9.093856811523437500e-01,9.093432426452636719e-01,9.093008637428283691e-01,9.092584848403930664e-01,9.092161059379577637e-01,9.091738462448120117e-01,9.091314673423767090e-01,9.090890884399414062e-01,9.090467691421508789e-01,9.090043902397155762e-01,9.089620113372802734e-01,9.089196920394897461e-01,9.088773727416992188e-01,9.088349938392639160e-01,9.087927937507629395e-01,9.087504148483276367e-01,9.087080955505371094e-01,9.086657762527465820e-01,9.086234569549560547e-01,9.085811376571655273e-01,9.085388183593750000e-01,9.084964990615844727e-01,9.084542393684387207e-01,9.084119200706481934e-01,9.083697199821472168e-01,9.083274006843566895e-01,9.082851409912109375e-01,9.082428216934204102e-01,9.082005620002746582e-01,9.081583023071289062e-01,9.081159830093383789e-01,9.080737233161926270e-01,9.080314636230468750e-01,9.079893231391906738e-01,9.079470634460449219e-01,9.079048037528991699e-01,9.078625440597534180e-01,9.078202843666076660e-01,9.077780246734619141e-01,9.077358245849609375e-01,9.076935648918151855e-01,9.076513648033142090e-01,9.076091051101684570e-01,9.075669646263122559e-01,9.075247645378112793e-01,9.074825644493103027e-01,9.074403643608093262e-01,9.073981642723083496e-01,9.073559045791625977e-01,9.073137044906616211e-01,9.072715640068054199e-01,9.072293639183044434e-01,9.071872830390930176e-01,9.071450829505920410e-01,9.071028828620910645e-01,9.070606827735900879e-01,9.070185422897338867e-01,9.069764018058776855e-01
8.635063171386718750e-01,8.634681105613708496e-01,8.634298443794250488e-01,8.633916378021240234e-01,8.633535504341125488e-01,8.633153438568115234e-01,8.632771372795104980e-01,8.632389307022094727e-01,8.632007241249084473e-01,8.631625175476074219e-01,8.631243705749511719e-01,8.630861639976501465e-01,8.630479574203491211e-01,8.630098700523376465e-01,8.629717230796813965e-01,8.629335165023803711e-01,8.628953695297241211e-01,8.628572225570678711e-01,8.628190159797668457e-01,8.627808690071105957e-01,8.627427220344543457e-01,8.627045750617980957e-01,8.626664280891418457e-01,8.626283407211303711e-01,8.625901937484741211e-01,8.625521063804626465e-01,8.625139594078063965e-01,8.624758124351501465e-01,8.624376654624938965e-01,8.623995780944824219e-01,8.623614311218261719e-01,8.623233437538146973e-01,8.622853159904479980e-01,8.622471690177917480e-01,8.622090816497802734e-01,8.621709942817687988e-01,8.621328473091125488e-01,8.620947599411010742e-01,8.620566725730895996e-01,8.620185852050781250e-01,8.619804978370666504e-01,8.619424104690551758e-01,8.619044423103332520e-01,8.618663549423217773e-01,8.618282675743103027e-01,8.617901802062988281e-01,8.617520928382873535e-01,8.617140650749206543e-01,8.616759777069091797e-01,8.616379499435424805e-01,8.615998625755310059e-01,8.615618944168090820e-01,8.615238666534423828e-01,8.614858388900756836e-01,8.614478111267089844e-01,8.614097237586975098e-01,8.613716959953308105e-01,8.613336682319641113e-01,8.612956404685974121e-01,8.612576127052307129e-01,8.612195849418640137e-01,8.611816763877868652e-01,8.611436486244201660e-01,8.611056208610534668e-01,8.610676527023315430e-01,8.610296249389648438e-01,8.609916567802429199e-01,8.609536290168762207e-01,8.609156608581542969e-01,8.608776330947875977e-01,8.608397841453552246e-01,8.608017563819885254e-01,8.607637882232666016e-01,8.607258200645446777e-01,8.606878519058227539e-01,8.606498837471008301e-01,8.606119155883789062e-01,8.605739474296569824e-01,8.605359792709350586e-01,8.604981303215026855e-01
8.212728500366210938e-01,8.212382793426513672e-01,8.212037086486816406e-01,8.211691379547119141e-01,8.211345672607421875e-01,8.210999965667724609e-01,8.210654258728027344e-01,8.210308551788330078e-01,8.209963440895080566e-01,8.209618330001831055e-01,8.209273219108581543e-01,8.208927512168884277e-01,8.208582401275634766e-01,8.208236694335937500e-01,8.207891583442687988e-01,8.207546472549438477e-01,8.207200765609741211e-01,8.206855654716491699e-01,8.206510543823242188e-01,8.206166028976440430e-01,8.205820918083190918e-01,8.205475807189941406e-01,8.205130696296691895e-01,8.204785585403442383e-01,8.204440474510192871e-01,8.204095363616943359e-01,8.203750848770141602e-01,8.203405737876892090e-01,8.203061223030090332e-01,8.202716708183288574e-01,8.202371597290039062e-01,8.202027082443237305e-01,8.201681971549987793e-01,8.201337456703186035e-01,8.200992345809936523e-01,8.200647830963134766e-01,8.200302720069885254e-01,8.199958801269531250e-01,8.199614286422729492e-01,8.199269771575927734e-01,8.198925256729125977e-01,8.198580741882324219e-01,8.198236227035522461e-01,8.197891712188720703e-01,8.197547197341918945e-01,8.197202682495117188e-01,8.196858167648315430e-01,8.196514844894409180e-01,8.196170330047607422e-01,8.195825815200805664e-01,8.195481896400451660e-01,8.195137381553649902e-01,8.194792866706848145e-01,8.194448947906494141e-01,8.194104433059692383e-01,8.193760514259338379e-01,8.193417191505432129e-01,8.193073272705078125e-01,8.192728757858276367e-01,8.192384839057922363e-01,8.192040920257568359e-01,8.191697001457214355e-01,8.191353082656860352e-01,8.191009163856506348e-01,8.190665245056152344e-01,8.190321326255798340e-01,8.189978003501892090e-01,8.189634680747985840e-01,8.189290761947631836e-01,8.188946843147277832e-01,8.188602924346923828e-01,8.188259601593017578e-01,8.187915682792663574e-01,8.187572360038757324e-01,8.187228441238403320e-01,8.186885714530944824e-01,8.186542391777038574e-01,8.186198472976684570e-01,8.185855150222778320e-01,8.185511827468872070e-01
7.829778790473937988e-01,7.829464673995971680e-01,7.829150557518005371e-01,7.828836441040039062e-01,7.828521728515625000e-01,7.828208804130554199e-01,7.827894687652587891e-01,7.827580571174621582e-01,7.827266454696655273e-01,7.826952338218688965e-01,7.826638221740722656e-01,7.826324105262756348e-01,7.826010584831237793e-01,7.825696468353271484e-01,7.825382947921752930e-01,7.825069427490234375e-01,7.824755311012268066e-01,7.824441790580749512e-01,7.824127674102783203e-01,7.823814153671264648e-01,7.823500037193298340e-01,7.823186516761779785e-01,7.822872996330261230e-01,7.822558879852294922e-01,7.822245955467224121e-01,7.821932435035705566e-01,7.821618914604187012e-01,7.821305394172668457e-01,7.820991873741149902e-01,7.820678353309631348e-01,7.820364832878112793e-01,7.820051312446594238e-01,7.819737792015075684e-01,7.819424867630004883e-01,7.819111347198486328e-01,7.818798422813415527e-01,7.818484902381896973e-01,7.818171381950378418e-01,7.817858457565307617e-01,7.817544937133789062e-01,7.817231416702270508e-01,7.816918492317199707e-01,7.816604971885681152e-01,7.816292643547058105e-01,7.815979719161987305e-01,7.815666198730468750e-01,7.815353274345397949e-01,7.815040349960327148e-01,7.814727425575256348e-01,7.814413905143737793e-01,7.814100980758666992e-01,7.813788056373596191e-01,7.813475728034973145e-01,7.813162803649902344e-01,7.812849879264831543e-01,7.812536954879760742e-01,7.812224626541137695e-01,7.811911702156066895e-01,7.811598777770996094e-01,7.811285853385925293e-01,7.810972929000854492e-01,7.810660600662231445e-01,7.810348272323608398e-01,7.810035943984985352e-01,7.809723019599914551e-01,7.809410691261291504e-01,7.809097766876220703e-01,7.808785438537597656e-01,7.808472514152526855e-01,7.808160185813903809e-01,7.807847857475280762e-01,7.807536125183105469e-01,7.807223200798034668e-01,7.806910872459411621e-01,7.806598544120788574e-01,7.806286215782165527e-01,7.805973887443542480e-01,7.805661559104919434e-01,7.805349230766296387e-01,7.805036902427673340e-01
7.480950951576232910e-01,7.480664849281311035e-01,7.480378150939941406e-01,7.480091452598571777e-01,7.479804158210754395e-01,7.479517459869384766e-01,7.479230761528015137e-01,7.478944063186645508e-01,7.478657364845275879e-01,7.478370666503906250e-01,7.478084564208984375e-01,7.477797865867614746e-01,7.477511763572692871e-01,7.477225065231323242e-01,7.476938366889953613e-01,7.476651668548583984e-01,7.476364970207214355e-01,7.476078867912292480e-01,7.475792169570922852e-01,7.475505471229553223e-01,7.475219964981079102e-01,7.474933266639709473e-01,7.474647164344787598e-01,7.474360466003417969e-01,7.474074363708496094e-01,7.473788261413574219e-01,7.473501563072204590e-01,7.473215460777282715e-01,7.472929358482360840e-01,7.472643852233886719e-01,7.472357153892517090e-01,7.472071051597595215e-01,7.471784949302673340e-01,7.471498847007751465e-01,7.471212744712829590e-01,7.470926642417907715e-01,7.470640540122985840e-01,7.470354437828063965e-01,7.470068335533142090e-01,7.469782829284667969e-01,7.469496726989746094e-01,7.469211220741271973e-01,7.468925118446350098e-01,7.468639016151428223e-01,7.468352913856506348e-01,7.468067407608032227e-01,7.467781305313110352e-01,7.467495203018188477e-01,7.467210292816162109e-01,7.466924190521240234e-01,7.466638684272766113e-01,7.466353178024291992e-01,7.466067075729370117e-01,7.465781569480895996e-01,7.465495467185974121e-01,7.465209960937500000e-01,7.464924454689025879e-01,7.464638948440551758e-01,7.464354038238525391e-01,7.464067935943603516e-01,7.463782429695129395e-01,7.463496923446655273e-01,7.463211417198181152e-01,7.462925910949707031e-01,7.462640404701232910e-01,7.462354898452758789e-01,7.462069392204284668e-01,7.461785078048706055e-01,7.461499571800231934e-01,7.461214065551757812e-01,7.460928559303283691e-01,7.460643649101257324e-01,7.460358142852783203e-01,7.460072636604309082e-01,7.459787726402282715e-01,7.459502220153808594e-01,7.459217905998229980e-01,7.458932399749755859e-01,7.458647489547729492e-01,7.458361983299255371e-01
7.161879539489746094e-01,7.161616683006286621e-01,7.161353826522827148e-01,7.161090970039367676e-01,7.160828113555908203e-01,7.160565257072448730e-01,7.160302996635437012e-01,7.160040140151977539e-01,7.159777283668518066e-01,7.159515023231506348e-01,7.159252166748046875e-01,7.158989310264587402e-01,7.158726453781127930e-01,7.158464193344116211e-01,7.158201336860656738e-01,7.157938480377197266e-01,7.157676815986633301e-01,7.157413959503173828e-01,7.157151699066162109e-01,7.156888842582702637e-01,7.156626582145690918e-01,7.156363725662231445e-01,7.156101465225219727e-01,7.155838608741760254e-01,7.155576348304748535e-01,7.155314683914184570e-01,7.155051827430725098e-01,7.154789566993713379e-01,7.154527306556701660e-01,7.154265046119689941e-01,7.154002785682678223e-01,7.153739929199218750e-01,7.153477668762207031e-01,7.153215408325195312e-01,7.152953147888183594e-01,7.152691483497619629e-01,7.152429223060607910e-01,7.152166962623596191e-01,7.151904702186584473e-01,7.151643037796020508e-01,7.151380777359008789e-01,7.151118516921997070e-01,7.150856256484985352e-01,7.150593996047973633e-01,7.150332927703857422e-01,7.150070667266845703e-01,7.149809002876281738e-01,7.149546742439270020e-01,7.149284482002258301e-01,7.149022817611694336e-01,7.148760557174682617e-01,7.148498892784118652e-01,7.148236632347106934e-01,7.147975564002990723e-01,7.147713899612426758e-01,7.147451639175415039e-01,7.147189974784851074e-01,7.146928310394287109e-01,7.146666049957275391e-01,7.146404385566711426e-01,7.146142721176147461e-01,7.145881056785583496e-01,7.145619392395019531e-01,7.145358324050903320e-01,7.145096063613891602e-01,7.144834399223327637e-01,7.144572734832763672e-01,7.144311070442199707e-01,7.144050002098083496e-01,7.143788337707519531e-01,7.143526673316955566e-01,7.143265008926391602e-01,7.143003940582275391e-01,7.142742276191711426e-01,7.142481207847595215e-01,7.142219543457031250e-01,7.141957879066467285e-01,7.141696810722351074e-01,7.141435146331787109e-01,7.141173481941223145e-01
6.868911981582641602e-01,6.868670582771301270e-01,6.868429183959960938e-01,6.868187189102172852e-01,6.867945194244384766e-01,6.867703795433044434e-01,6.867461800575256348e-01,6.867220401763916016e-01,6.866978406906127930e-01,6.866736412048339844e-01,6.866495013236999512e-01,6.866253614425659180e-01,6.866012215614318848e-01,6.865770816802978516e-01,6.865528821945190430e-01,6.865287423133850098e-01,6.865046024322509766e-01,6.864804029464721680e-01,6.864562630653381348e-01,6.864321231842041016e-01,6.864079833030700684e-01,6.863838434219360352e-01,6.863597035408020020e-01,6.863355636596679688e-01,6.863114237785339355e-01,6.862872838973999023e-01,6.862631440162658691e-01,6.862390041351318359e-01,6.862148642539978027e-01,6.861907243728637695e-01,6.861666440963745117e-01,6.861425042152404785e-01,6.861183643341064453e-01,6.860942244529724121e-01,6.860701441764831543e-01,6.860460042953491211e-01,6.860218644142150879e-01,6.859977245330810547e-01,6.859736442565917969e-01,6.859495043754577637e-01,6.859254240989685059e-01,6.859013438224792480e-01,6.858772039413452148e-01,6.858530640602111816e-01,6.858289837837219238e-01,6.858048439025878906e-01,6.857807636260986328e-01,6.857566237449645996e-01,6.857325434684753418e-01,6.857085227966308594e-01,6.856843829154968262e-01,6.856603026390075684e-01,6.856362223625183105e-01,6.856120824813842773e-01,6.855880022048950195e-01,6.855639219284057617e-01,6.855398416519165039e-01,6.855157613754272461e-01,6.854916214942932129e-01,6.854676008224487305e-01,6.854435205459594727e-01,6.854194402694702148e-01,6.853953599929809570e-01,6.853712797164916992e-01,6.853471994400024414e-01,6.853231191635131836e-01,6.852990388870239258e-01,6.852750182151794434e-01,6.852509975433349609e-01,6.852269172668457031e-01,6.852028369903564453e-01,6.851787567138671875e-01,6.851547360420227051e-01,6.851306557655334473e-01,6.851065754890441895e-01,6.850825548171997070e-01,6.850584745407104492e-01,6.850343942642211914e-01,6.850104331970214844e-01,6.849863529205322266e-01
6.598971486091613770e-01,6.598748564720153809e-01,6.598525047302246094e-01,6.598302125930786133e-01,6.598078608512878418e-01,6.597855687141418457e-01,6.597632765769958496e-01,6.597409844398498535e-01,6.597186923027038574e-01,6.596964001655578613e-01,6.596740484237670898e-01,6.596517562866210938e-01,6.596294641494750977e-01,6.596071720123291016e-01,6.595848798751831055e-01,6.595625877380371094e-01,6.595402956008911133e-01,6.595180034637451172e-01,6.594957113265991211e-01,6.594734191894531250e-01,6.594511270523071289e-01,6.594288349151611328e-01,6.594065427780151367e-01,6.593842506408691406e-01,6.593619585037231445e-01,6.593397259712219238e-01,6.593174934387207031e-01,6.592952013015747070e-01,6.592729091644287109e-01,6.592506170272827148e-01,6.592283248901367188e-01,6.592060923576354980e-01,6.591838002204895020e-01,6.591615080833435059e-01,6.591392755508422852e-01,6.591169834136962891e-01,6.590947508811950684e-01,6.590725183486938477e-01,6.590502262115478516e-01,6.590279936790466309e-01,6.590057015419006348e-01,6.589834690093994141e-01,6.589611768722534180e-01,6.589389443397521973e-01,6.589166522026062012e-01,6.588944792747497559e-01,6.588722467422485352e-01,6.588499546051025391e-01,6.588277220726013184e-01,6.588054895401000977e-01,6.587831974029541016e-01,6.587609648704528809e-01,6.587387323379516602e-01,6.587164998054504395e-01,6.586942672729492188e-01,6.586720347404479980e-01,6.586498022079467773e-01,6.586275696754455566e-01,6.586053371429443359e-01,6.585831046104431152e-01,6.585608720779418945e-01,6.585386395454406738e-01,6.585164070129394531e-01,6.584941744804382324e-01,6.584720015525817871e-01,6.584497690200805664e-01,6.584275960922241211e-01,6.584053635597229004e-01,6.583831310272216797e-01,6.583608984947204590e-01,6.583386659622192383e-01,6.583164930343627930e-01,6.582942605018615723e-01,6.582720875740051270e-01,6.582499146461486816e-01,6.582276821136474609e-01,6.582054495811462402e-01,6.581832766532897949e-01,6.581610441207885742e-01,6.581388711929321289e-01
6.349444985389709473e-01,6.349238157272338867e-01,6.349031925201416016e-01,6.348825693130493164e-01,6.348618865013122559e-01,6.348412632942199707e-01,6.348205804824829102e-01,6.347998976707458496e-01,6.347792744636535645e-01,6.347585916519165039e-01,6.347379684448242188e-01,6.347172856330871582e-01,6.346966624259948730e-01,6.346760392189025879e-01,6.346554160118103027e-01,6.346347332000732422e-01,6.346141099929809570e-01,6.345934867858886719e-01,6.345728039741516113e-01,6.345521807670593262e-01,6.345315575599670410e-01,6.345109343528747559e-01,6.344903111457824707e-01,6.344696879386901855e-01,6.344490647315979004e-01,6.344284415245056152e-01,6.344077587127685547e-01,6.343871355056762695e-01,6.343665122985839844e-01,6.343458890914916992e-01,6.343252658843994141e-01,6.343046426773071289e-01,6.342840790748596191e-01,6.342634558677673340e-01,6.342428326606750488e-01,6.342222094535827637e-01,6.342015862464904785e-01,6.341809630393981934e-01,6.341603398323059082e-01,6.341397762298583984e-01,6.341191530227661133e-01,6.340985894203186035e-01,6.340779662132263184e-01,6.340573430061340332e-01,6.340367794036865234e-01,6.340161561965942383e-01,6.339955329895019531e-01,6.339749097824096680e-01,6.339543461799621582e-01,6.339337229728698730e-01,6.339131593704223633e-01,6.338925957679748535e-01,6.338719725608825684e-01,6.338514089584350586e-01,6.338307857513427734e-01,6.338102221488952637e-01,6.337895989418029785e-01,6.337690353393554688e-01,6.337484121322631836e-01,6.337278485298156738e-01,6.337073445320129395e-01,6.336867213249206543e-01,6.336661577224731445e-01,6.336455345153808594e-01,6.336249709129333496e-01,6.336044073104858398e-01,6.335838437080383301e-01,6.335632205009460449e-01,6.335426568984985352e-01,6.335221529006958008e-01,6.335015892982482910e-01,6.334810256958007812e-01,6.334604024887084961e-01,6.334398388862609863e-01,6.334192752838134766e-01,6.333987116813659668e-01,6.333781480789184570e-01,6.333575844764709473e-01,6.333370208740234375e-01,6.333165168762207031e-01
6.118102073669433594e-01,6.117910146713256836e-01,6.117718219757080078e-01,6.117526888847351074e-01,6.117334961891174316e-01,6.117143034934997559e-01,6.116951107978820801e-01,6.116759181022644043e-01,6.116567850112915039e-01,6.116376519203186035e-01,6.116184592247009277e-01,6.115992665290832520e-01,6.115800738334655762e-01,6.115609407424926758e-01,6.115417480468750000e-01,6.115226149559020996e-01,6.115034222602844238e-01,6.114842295646667480e-01,6.114651560783386230e-01,6.114459633827209473e-01,6.114268302917480469e-01,6.114076375961303711e-01,6.113885045051574707e-01,6.113693118095397949e-01,6.113501787185668945e-01,6.113309860229492188e-01,6.113118529319763184e-01,6.112927198410034180e-01,6.112735867500305176e-01,6.112544536590576172e-01,6.112352609634399414e-01,6.112161278724670410e-01,6.111969947814941406e-01,6.111778020858764648e-01,6.111586689949035645e-01,6.111395359039306641e-01,6.111204028129577637e-01,6.111012697219848633e-01,6.110821366310119629e-01,6.110630035400390625e-01,6.110438704490661621e-01,6.110247373580932617e-01,6.110056042671203613e-01,6.109864711761474609e-01,6.109673380851745605e-01,6.109482049942016602e-01,6.109290719032287598e-01,6.109099388122558594e-01,6.108908057212829590e-01,6.108717322349548340e-01,6.108525991439819336e-01,6.108334660530090332e-01,6.108143329620361328e-01,6.107951998710632324e-01,6.107760667800903320e-01,6.107569336891174316e-01,6.107378602027893066e-01,6.107187867164611816e-01,6.106996536254882812e-01,6.106805205345153809e-01,6.106613874435424805e-01,6.106423139572143555e-01,6.106231808662414551e-01,6.106040477752685547e-01,6.105849742889404297e-01,6.105659008026123047e-01,6.105467677116394043e-01,6.105276942253112793e-01,6.105085611343383789e-01,6.104894876480102539e-01,6.104703545570373535e-01,6.104512810707092285e-01,6.104321479797363281e-01,6.104130744934082031e-01,6.103939414024353027e-01,6.103749275207519531e-01,6.103557944297790527e-01,6.103367209434509277e-01,6.103175878524780273e-01,6.102985143661499023e-01
5.903024077415466309e-01,5.902845263481140137e-01,5.902667045593261719e-01,5.902488231658935547e-01,5.902310013771057129e-01,5.902131199836730957e-01,5.901952981948852539e-01,5.901774168014526367e-01,5.901595950126647949e-01,5.901417136192321777e-01,5.901238918304443359e-01,5.901060104370117188e-01,5.900881886482238770e-01,5.900703072547912598e-01,5.900525450706481934e-01,5.900346636772155762e-01,5.900168418884277344e-01,5.899990200996398926e-01,5.899811387062072754e-01,5.899633169174194336e-01,5.899454355239868164e-01,5.899276137351989746e-01,5.899097919464111328e-01,5.898919701576232910e-01,5.898741483688354492e-01,5.898563265800476074e-01,5.898385047912597656e-01,5.898206830024719238e-01,5.898028612136840820e-01,5.897849798202514648e-01,5.897671580314636230e-01,5.897493362426757812e-01,5.897315144538879395e-01,5.897137522697448730e-01,5.896959304809570312e-01,5.896781086921691895e-01,5.896602869033813477e-01,5.896424651145935059e-01,5.896246433258056641e-01,5.896068215370178223e-01,5.895889997482299805e-01,5.895711779594421387e-01,5.895533561706542969e-01,5.895355939865112305e-01,5.895177721977233887e-01,5.894999504089355469e-01,5.894821286201477051e-01,5.894643068313598633e-01,5.894464850425720215e-01,5.894287228584289551e-01,5.894109010696411133e-01,5.893930792808532715e-01,5.893753170967102051e-01,5.893574953079223633e-01,5.893397331237792969e-01,5.893219113349914551e-01,5.893040895462036133e-01,5.892863273620605469e-01,5.892685055732727051e-01,5.892506837844848633e-01,5.892329216003417969e-01,5.892151594161987305e-01,5.891973376274108887e-01,5.891795754432678223e-01,5.891617536544799805e-01,5.891439914703369141e-01,5.891261696815490723e-01,5.891084074974060059e-01,5.890905857086181641e-01,5.890728235244750977e-01,5.890550017356872559e-01,5.890372991561889648e-01,5.890194773674011230e-01,5.890017151832580566e-01,5.889839529991149902e-01,5.889661312103271484e-01,5.889483690261840820e-01,5.889306068420410156e-01,5.889127850532531738e-01,5.888950228691101074e-01
5.702554583549499512e-01,5.702388286590576172e-01,5.702221393585205078e-01,5.702054500579833984e-01,5.701888203620910645e-01,5.701721310615539551e-01,5.701555013656616211e-01,5.701388120651245117e-01,5.701221823692321777e-01,5.701054930686950684e-01,5.700888633728027344e-01,5.700722336769104004e-01,5.700555443763732910e-01,5.700389146804809570e-01,5.700222253799438477e-01,5.700055956840515137e-01,5.699889063835144043e-01,5.699722766876220703e-01,5.699556469917297363e-01,5.699390172958374023e-01,5.699223875999450684e-01,5.699056982994079590e-01,5.698890686035156250e-01,5.698724389076232910e-01,5.698557496070861816e-01,5.698391199111938477e-01,5.698224902153015137e-01,5.698058605194091797e-01,5.697891712188720703e-01,5.697726011276245117e-01,5.697559714317321777e-01,5.697392821311950684e-01,5.697226524353027344e-01,5.697060227394104004e-01,5.696893930435180664e-01,5.696727633476257324e-01,5.696561336517333984e-01,5.696395039558410645e-01,5.696228742599487305e-01,5.696062445640563965e-01,5.695896148681640625e-01,5.695729851722717285e-01,5.695563554763793945e-01,5.695397257804870605e-01,5.695230960845947266e-01,5.695064663887023926e-01,5.694898366928100586e-01,5.694732666015625000e-01,5.694566369056701660e-01,5.694400072097778320e-01,5.694234371185302734e-01,5.694068074226379395e-01,5.693901777267456055e-01,5.693735480308532715e-01,5.693569183349609375e-01,5.693403482437133789e-01,5.693237185478210449e-01,5.693071484565734863e-01,5.692905187606811523e-01,5.692738890647888184e-01,5.692573189735412598e-01,5.692406892776489258e-01,5.692240595817565918e-01,5.692074894905090332e-01,5.691908597946166992e-01,5.691742300987243652e-01,5.691576600074768066e-01,5.691410899162292480e-01,5.691244602203369141e-01,5.691078901290893555e-01,5.690912604331970215e-01,5.690746903419494629e-01,5.690580606460571289e-01,5.690414905548095703e-01,5.690248608589172363e-01,5.690082907676696777e-01,5.689917206764221191e-01,5.689750909805297852e-01,5.689585208892822266e-01,5.689419507980346680e-01
