1.933153867721557617e+00,1.959838986396789551e+00,1.987271070480346680e+00,2.015482187271118164e+00,2.044505596160888672e+00,2.074377298355102539e+00,2.105134963989257812e+00,2.136818170547485352e+00,2.169469594955444336e+00,2.203134536743164062e+00,2.237860679626464844e+00,2.273699283599853516e+00,2.310704231262207031e+00,2.348933696746826172e+00,2.388449430465698242e+00,2.429317235946655273e+00,2.471608161926269531e+00,2.515397787094116211e+00,2.560766696929931641e+00,2.607802391052246094e+00,2.656598329544067383e+00,2.707255125045776367e+00,2.759881496429443359e+00,2.814594268798828125e+00,2.871520280838012695e+00,2.930795192718505859e+00,2.992569208145141602e+00,3.057003021240234375e+00,3.124272584915161133e+00,3.194569587707519531e+00,3.268102407455444336e+00,3.345100641250610352e+00,3.425814151763916016e+00,3.510519266128540039e+00,3.599519491195678711e+00,3.693149566650390625e+00,3.791780710220336914e+00,3.895824909210205078e+00,4.005739688873291016e+00,4.122036933898925781e+00,4.245288372039794922e+00,5.000000000000000000e+00,5.000000000000000000e+00,5.000000000000000000e+00,5.000000000000000000e+00,5.000000000000000000e+00,5.000000000000000000e+00,5.000000000000000000e+00,5.000000000000000000e+00,5.000000000000000000e+00,5.000000000000000000e+00,5.000000000000000000e+00,5.000000000000000000e+00,5.000000000000000000e+00,5.000000000000000000e+00,5.000000000000000000e+00,5.000000000000000000e+00,5.000000000000000000e+00,5.000000000000000000e+00,5.000000000000000000e+00,5.000000000000000000e+00,5.000000000000000000e+00,5.000000000000000000e+00,5.000000000000000000e+00,5.000000000000000000e+00,5.000000000000000000e+00,5.000000000000000000e+00,5.000000000000000000e+00,5.000000000000000000e+00,5.000000000000000000e+00,5.000000000000000000e+00,5.000000000000000000e+00,5.000000000000000000e+00,5.000000000000000000e+00,5.000000000000000000e+00,5.000000000000000000e+00,5.000000000000000000e+00,5.000000000000000000e+00,5.000000000000000000e+00,5.000000000000000000e+00
1.933125615119934082e+00,1.959810018539428711e+00,1.987241387367248535e+00,2.015451431274414062e+00,2.044474124908447266e+00,2.074344873428344727e+00,2.105101346969604492e+00,2.136783838272094727e+00,2.169434070587158203e+00,2.203098058700561523e+00,2.237823009490966797e+00,2.273660182952880859e+00,2.310663938522338867e+00,2.348891973495483398e+00,2.388406276702880859e+00,2.429272890090942383e+00,2.471562147140502930e+00,2.515349864959716797e+00,2.560717344284057617e+00,2.607751131057739258e+00,2.656545162200927734e+00,2.707199811935424805e+00,2.759824037551879883e+00,2.814534664154052734e+00,2.871458053588867188e+00,2.930732011795043945e+00,2.992503166198730469e+00,3.056934118270874023e+00,3.124200820922851562e+00,3.194494485855102539e+00,3.268023967742919922e+00,3.345018148422241211e+00,3.425727605819702148e+00,3.510428190231323242e+00,3.599423646926879883e+00,3.693048715591430664e+00,3.791674613952636719e+00,3.895712614059448242e+00,4.005620956420898438e+00,4.121911525726318359e+00,4.245155811309814453e+00,4.375997066497802734e+00,5.000000000000000000e+00,5.000000000000000000e+00,5.000000000000000000e+00,5.000000000000000000e+00,5.000000000000000000e+00,5.000000000000000000e+00,5.000000000000000000e+00,5.000000000000000000e+00,5.000000000000000000e+00,5.000000000000000000e+00,5.000000000000000000e+00,5.000000000000000000e+00,5.000000000000000000e+00,5.000000000000000000e+00,5.000000000000000000e+00,5.000000000000000000e+00,5.000000000000000000e+00,5.000000000000000000e+00,5.000000000000000000e+00,5.000000000000000000e+00,5.000000000000000000e+00,5.000000000000000000e+00,5.000000000000000000e+00,5.000000000000000000e+00,5.000000000000000000e+00,5.000000000000000000e+00,5.000000000000000000e+00,5.000000000000000000e+00,5.000000000000000000e+00,5.000000000000000000e+00,5.000000000000000000e+00,5.000000000000000000e+00,5.000000000000000000e+00,5.000000000000000000e+00,5.000000000000000000e+00,5.000000000000000000e+00,5.000000000000000000e+00,5.000000000000000000e+00
1.933097481727600098e+00,1.959781169891357422e+00,1.987211465835571289e+00,2.015420913696289062e+00,2.044442653656005859e+00,2.074312448501586914e+00,2.105067968368530273e+00,2.136749267578125000e+00,2.169398784637451172e+00,2.203061342239379883e+00,2.237785339355468750e+00,2.273621320724487305e+00,2.310623645782470703e+00,2.348850488662719727e+00,2.388363361358642578e+00,2.429228544235229492e+00,2.471516132354736328e+00,2.515302181243896484e+00,2.560667991638183594e+00,2.607699871063232422e+00,2.656491994857788086e+00,2.707144975662231445e+00,2.759766578674316406e+00,2.814474821090698242e+00,2.871396064758300781e+00,2.930667161941528320e+00,2.992436885833740234e+00,3.056865215301513672e+00,3.124128580093383789e+00,3.194418907165527344e+00,3.267945051193237305e+00,3.344935417175292969e+00,3.425641059875488281e+00,3.510337591171264648e+00,3.599328279495239258e+00,3.692948341369628906e+00,3.791568756103515625e+00,3.895601034164428711e+00,4.005502700805664062e+00,4.121786117553710938e+00,4.245022773742675781e+00,4.375855922698974609e+00,4.515009880065917969e+00,5.000000000000000000e+00,5.000000000000000000e+00,5.000000000000000000e+00,5.000000000000000000e+00,5.000000000000000000e+00,5.000000000000000000e+00,5.000000000000000000e+00,5.000000000000000000e+00,5.000000000000000000e+00,5.000000000000000000e+00,5.000000000000000000e+00,5.000000000000000000e+00,5.000000000000000000e+00,5.000000000000000000e+00,5.000000000000000000e+00,5.000000000000000000e+00,5.000000000000000000e+00,5.000000000000000000e+00,5.000000000000000000e+00,5.000000000000000000e+00,5.000000000000000000e+00,5.000000000000000000e+00,5.000000000000000000e+00,5.000000000000000000e+00,5.000000000000000000e+00,5.000000000000000000e+00,5.000000000000000000e+00,5.000000000000000000e+00,5.000000000000000000e+00,5.000000000000000000e+00,5.000000000000000000e+00,5.000000000000000000e+00,5.000000000000000000e+00,5.000000000000000000e+00,5.000000000000000000e+00,5.000000000000000000e+00,5.000000000000000000e+00
1.933068513870239258e+00,1.959752082824707031e+00,1.987181782722473145e+00,2.015390157699584961e+00,2.044411182403564453e+00,2.074280023574829102e+00,2.105034589767456055e+00,2.136714935302734375e+00,2.169363260269165039e+00,2.203024864196777344e+00,2.237747669219970703e+00,2.273582220077514648e+00,2.310583591461181641e+00,2.348809003829956055e+00,2.388320446014404297e+00,2.429183959960937500e+00,2.471470355987548828e+00,2.515254497528076172e+00,2.560618400573730469e+00,2.607648611068725586e+00,2.656438827514648438e+00,2.707089662551879883e+00,2.759709119796752930e+00,2.814415216445922852e+00,2.871334075927734375e+00,2.930602312088012695e+00,2.992369174957275391e+00,3.056795835494995117e+00,3.124056577682495117e+00,3.194343566894531250e+00,3.267865896224975586e+00,3.344852685928344727e+00,3.425554513931274414e+00,3.510246515274047852e+00,3.599232673645019531e+00,3.692847490310668945e+00,3.791462421417236328e+00,3.895488739013671875e+00,4.005384445190429688e+00,4.121660709381103516e+00,4.244889736175537109e+00,4.375714302062988281e+00,4.514859199523925781e+00,4.663144588470458984e+00,5.000000000000000000e+00,5.000000000000000000e+00,5.000000000000000000e+00,5.000000000000000000e+00,5.000000000000000000e+00,5.000000000000000000e+00,5.000000000000000000e+00,5.000000000000000000e+00,5.000000000000000000e+00,5.000000000000000000e+00,5.000000000000000000e+00,5.000000000000000000e+00,5.000000000000000000e+00,5.000000000000000000e+00,5.000000000000000000e+00,5.000000000000000000e+00,5.000000000000000000e+00,5.000000000000000000e+00,5.000000000000000000e+00,5.000000000000000000e+00,5.000000000000000000e+00,5.000000000000000000e+00,5.000000000000000000e+00,5.000000000000000000e+00,5.000000000000000000e+00,5.000000000000000000e+00,5.000000000000000000e+00,5.000000000000000000e+00,5.000000000000000000e+00,5.000000000000000000e+00,5.000000000000000000e+00,5.000000000000000000e+00,5.000000000000000000e+00,5.000000000000000000e+00,5.000000000000000000e+00,5.000000000000000000e+00
1.933033823966979980e+00,1.959718585014343262e+00,1.987150788307189941e+00,2.015359640121459961e+00,2.044379711151123047e+00,2.074247598648071289e+00,2.105001211166381836e+00,2.136680603027343750e+00,2.169327974319458008e+00,2.202988147735595703e+00,2.237709760665893555e+00,2.273543357849121094e+00,2.310543298721313477e+00,2.348767280578613281e+00,2.388277292251586914e+00,2.429139375686645508e+00,2.471424102783203125e+00,2.515206813812255859e+00,2.560569047927856445e+00,2.607597589492797852e+00,2.656385660171508789e+00,2.707034349441528320e+00,2.759651899337768555e+00,2.814355373382568359e+00,2.871271848678588867e+00,2.930537462234497070e+00,2.992301702499389648e+00,3.056725263595581055e+00,3.123983860015869141e+00,3.194268465042114258e+00,3.267787456512451172e+00,3.344770431518554688e+00,3.425467729568481445e+00,3.510155439376831055e+00,3.599136829376220703e+00,3.692746639251708984e+00,3.791356325149536133e+00,3.895376682281494141e+00,4.005265712738037109e+00,4.121535301208496094e+00,4.244756698608398438e+00,4.375573158264160156e+00,4.514708995819091797e+00,4.662983894348144531e+00,4.821329593658447266e+00,5.000000000000000000e+00,5.000000000000000000e+00,5.000000000000000000e+00,5.000000000000000000e+00,5.000000000000000000e+00,5.000000000000000000e+00,5.000000000000000000e+00,5.000000000000000000e+00,5.000000000000000000e+00,5.000000000000000000e+00,5.000000000000000000e+00,5.000000000000000000e+00,5.000000000000000000e+00,5.000000000000000000e+00,5.000000000000000000e+00,5.000000000000000000e+00,5.000000000000000000e+00,5.000000000000000000e+00,5.000000000000000000e+00,5.000000000000000000e+00,5.000000000000000000e+00,5.000000000000000000e+00,5.000000000000000000e+00,5.000000000000000000e+00,5.000000000000000000e+00,5.000000000000000000e+00,5.000000000000000000e+00,5.000000000000000000e+00,5.000000000000000000e+00,5.000000000000000000e+00,5.000000000000000000e+00,5.000000000000000000e+00,5.000000000000000000e+00,5.000000000000000000e+00,5.000000000000000000e+00
1.932998895645141602e+00,1.959682941436767578e+00,1.987114071846008301e+00,2.015323638916015625e+00,2.044346332550048828e+00,2.074215173721313477e+00,2.104967832565307617e+00,2.136646032333374023e+00,2.169292449951171875e+00,2.202951669692993164e+00,2.237672090530395508e+00,2.273504495620727539e+00,2.310503005981445312e+00,2.348725795745849609e+00,2.388234615325927734e+00,2.429095029830932617e+00,2.471378087997436523e+00,2.515159130096435547e+00,2.560519695281982422e+00,2.607546329498291016e+00,2.656332254409790039e+00,2.706979036331176758e+00,2.759594678878784180e+00,2.814295768737792969e+00,2.871209621429443359e+00,2.930473089218139648e+00,2.992234230041503906e+00,3.056654930114746094e+00,3.123910427093505859e+00,3.194192171096801758e+00,3.267708539962768555e+00,3.344687700271606445e+00,3.425381422042846680e+00,3.510064601898193359e+00,3.599041461944580078e+00,3.692646265029907227e+00,3.791250467300415039e+00,3.895264863967895508e+00,4.005147457122802734e+00,4.121409893035888672e+00,4.244623661041259766e+00,4.375432014465332031e+00,4.514558792114257812e+00,4.662823200225830078e+00,4.821157455444335938e+00,4.990622520446777344e+00,5.000000000000000000e+00,5.000000000000000000e+00,5.000000000000000000e+00,5.000000000000000000e+00,5.000000000000000000e+00,5.000000000000000000e+00,5.000000000000000000e+00,5.000000000000000000e+00,5.000000000000000000e+00,5.000000000000000000e+00,5.000000000000000000e+00,5.000000000000000000e+00,5.000000000000000000e+00,5.000000000000000000e+00,5.000000000000000000e+00,5.000000000000000000e+00,5.000000000000000000e+00,5.000000000000000000e+00,5.000000000000000000e+00,5.000000000000000000e+00,5.000000000000000000e+00,5.000000000000000000e+00,5.000000000000000000e+00,5.000000000000000000e+00,5.000000000000000000e+00,5.000000000000000000e+00,5.000000000000000000e+00,5.000000000000000000e+00,5.000000000000000000e+00,5.000000000000000000e+00,5.000000000000000000e+00,5.000000000000000000e+00,5.000000000000000000e+00,5.000000000000000000e+00
1.932965874671936035e+00,1.959646940231323242e+00,1.987077116966247559e+00,2.015285968780517578e+00,2.044307231903076172e+00,2.074176549911499023e+00,2.104931831359863281e+00,2.136611700057983398e+00,2.169256925582885742e+00,2.202914953231811523e+00,2.237634420394897461e+00,2.273465633392333984e+00,2.310462713241577148e+00,2.348684072494506836e+00,2.388191461563110352e+00,2.429050445556640625e+00,2.471332073211669922e+00,2.515111684799194336e+00,2.560470104217529297e+00,2.607495069503784180e+00,2.656279325485229492e+00,2.706923961639404297e+00,2.759537220001220703e+00,2.814235925674438477e+00,2.871147632598876953e+00,2.930408239364624023e+00,2.992166757583618164e+00,3.056584358215332031e+00,3.123836994171142578e+00,3.194115161895751953e+00,3.267628669738769531e+00,3.344604969024658203e+00,3.425294637680053711e+00,3.509973526000976562e+00,3.598945856094360352e+00,3.692545652389526367e+00,3.791144132614135742e+00,3.895152807235717773e+00,4.005029201507568359e+00,4.121284484863281250e+00,4.244490623474121094e+00,4.375290393829345703e+00,4.514408111572265625e+00,4.662662982940673828e+00,4.820986270904541016e+00,4.990438938140869141e+00,5.000000000000000000e+00,5.000000000000000000e+00,5.000000000000000000e+00,5.000000000000000000e+00,5.000000000000000000e+00,5.000000000000000000e+00,5.000000000000000000e+00,5.000000000000000000e+00,5.000000000000000000e+00,5.000000000000000000e+00,5.000000000000000000e+00,5.000000000000000000e+00,5.000000000000000000e+00,5.000000000000000000e+00,5.000000000000000000e+00,5.000000000000000000e+00,5.000000000000000000e+00,5.000000000000000000e+00,5.000000000000000000e+00,5.000000000000000000e+00,5.000000000000000000e+00,5.000000000000000000e+00,5.000000000000000000e+00,5.000000000000000000e+00,5.000000000000000000e+00,5.000000000000000000e+00,5.000000000000000000e+00,5.000000000000000000e+00,5.000000000000000000e+00,5.000000000000000000e+00,5.000000000000000000e+00,5.000000000000000000e+00,5.000000000000000000e+00,5.000000000000000000e+00
1.932937622070312500e+00,1.959616780281066895e+00,1.987042784690856934e+00,2.015247821807861328e+00,2.044268131256103516e+00,2.074136495590209961e+00,2.104890346527099609e+00,2.136570215225219727e+00,2.169218063354492188e+00,2.202878713607788086e+00,2.237596511840820312e+00,2.273426532745361328e+00,2.310422658920288086e+00,2.348642587661743164e+00,2.388148546218872070e+00,2.429006099700927734e+00,2.471286058425903320e+00,2.515064001083374023e+00,2.560420751571655273e+00,2.607443809509277344e+00,2.656226158142089844e+00,2.706868648529052734e+00,2.759479761123657227e+00,2.814176559448242188e+00,2.871085405349731445e+00,2.930343627929687500e+00,2.992099285125732422e+00,3.056514024734497070e+00,3.123763322830200195e+00,3.194038391113281250e+00,3.267548084259033203e+00,3.344521522521972656e+00,3.425207853317260742e+00,3.509882450103759766e+00,3.598850011825561523e+00,3.692444801330566406e+00,3.791038036346435547e+00,3.895040750503540039e+00,4.004910469055175781e+00,4.121159076690673828e+00,4.244357585906982422e+00,4.375149250030517578e+00,4.514257907867431641e+00,4.662502765655517578e+00,4.820814609527587891e+00,4.990255355834960938e+00,5.000000000000000000e+00,5.000000000000000000e+00,5.000000000000000000e+00,5.000000000000000000e+00,5.000000000000000000e+00,5.000000000000000000e+00,5.000000000000000000e+00,5.000000000000000000e+00,5.000000000000000000e+00,5.000000000000000000e+00,5.000000000000000000e+00,5.000000000000000000e+00,5.000000000000000000e+00,5.000000000000000000e+00,5.000000000000000000e+00,5.000000000000000000e+00,5.000000000000000000e+00,5.000000000000000000e+00,5.000000000000000000e+00,5.000000000000000000e+00,5.000000000000000000e+00,5.000000000000000000e+00,5.000000000000000000e+00,5.000000000000000000e+00,5.000000000000000000e+00,5.000000000000000000e+00,5.000000000000000000e+00,5.000000000000000000e+00,5.000000000000000000e+00,5.000000000000000000e+00,5.000000000000000000e+00,5.000000000000000000e+00,5.000000000000000000e+00,5.000000000000000000e+00
1.932909369468688965e+00,1.959587693214416504e+00,1.987012863159179688e+00,2.015216588973999023e+00,2.044232368469238281e+00,2.074096202850341797e+00,2.104849100112915039e+00,2.136527538299560547e+00,2.169173955917358398e+00,2.202833890914916992e+00,2.237554788589477539e+00,2.273387432098388672e+00,2.310382366180419922e+00,2.348600864410400391e+00,2.388105392456054688e+00,2.428961753845214844e+00,2.471240043640136719e+00,2.515016317367553711e+00,2.560371637344360352e+00,2.607392549514770508e+00,2.656172990798950195e+00,2.706813335418701172e+00,2.759422302246093750e+00,2.814116716384887695e+00,2.871023178100585938e+00,2.930278778076171875e+00,2.992032051086425781e+00,3.056443691253662109e+00,3.123689651489257812e+00,3.193961620330810547e+00,3.267467498779296875e+00,3.344437122344970703e+00,3.425119638442993164e+00,3.509791851043701172e+00,3.598754644393920898e+00,3.692344427108764648e+00,3.790932178497314453e+00,3.894928932189941406e+00,4.004792213439941406e+00,4.121033668518066406e+00,4.244225025177001953e+00,4.375008106231689453e+00,4.514107227325439453e+00,4.662342071533203125e+00,4.820642948150634766e+00,4.990071296691894531e+00,5.000000000000000000e+00,5.000000000000000000e+00,5.000000000000000000e+00,5.000000000000000000e+00,5.000000000000000000e+00,5.000000000000000000e+00,5.000000000000000000e+00,5.000000000000000000e+00,5.000000000000000000e+00,5.000000000000000000e+00,5.000000000000000000e+00,5.000000000000000000e+00,5.000000000000000000e+00,5.000000000000000000e+00,5.000000000000000000e+00,5.000000000000000000e+00,5.000000000000000000e+00,5.000000000000000000e+00,5.000000000000000000e+00,5.000000000000000000e+00,5.000000000000000000e+00,5.000000000000000000e+00,5.000000000000000000e+00,5.000000000000000000e+00,5.000000000000000000e+00,5.000000000000000000e+00,5.000000000000000000e+00,5.000000000000000000e+00,5.000000000000000000e+00,5.000000000000000000e+00,5.000000000000000000e+00,5.000000000000000000e+00,5.000000000000000000e+00,5.000000000000000000e+00
1.932880997657775879e+00,1.959558606147766113e+00,1.986982941627502441e+00,2.015185832977294922e+00,2.044200897216796875e+00,2.074063539505004883e+00,2.104811668395996094e+00,2.136485338211059570e+00,2.169130086898803711e+00,2.202788352966308594e+00,2.237507820129394531e+00,2.273339271545410156e+00,2.310336828231811523e+00,2.348558664321899414e+00,2.388062477111816406e+00,2.428917169570922852e+00,2.471194028854370117e+00,2.514968633651733398e+00,2.560322046279907227e+00,2.607341289520263672e+00,2.656119823455810547e+00,2.706758260726928711e+00,2.759364843368530273e+00,2.814057111740112305e+00,2.870960950851440430e+00,2.930214166641235352e+00,2.991964340209960938e+00,3.056373119354248047e+00,3.123616218566894531e+00,3.193884849548339844e+00,3.267387151718139648e+00,3.344352722167968750e+00,3.425031661987304688e+00,3.509699106216430664e+00,3.598659038543701172e+00,3.692243814468383789e+00,3.790826082229614258e+00,3.894816875457763672e+00,4.004673957824707031e+00,4.120908260345458984e+00,4.244091510772705078e+00,4.374866485595703125e+00,4.513956546783447266e+00,4.662181377410888672e+00,4.820471763610839844e+00,4.989887714385986328e+00,5.000000000000000000e+00,5.000000000000000000e+00,5.000000000000000000e+00,5.000000000000000000e+00,5.000000000000000000e+00,5.000000000000000000e+00,5.000000000000000000e+00,5.000000000000000000e+00,5.000000000000000000e+00,5.000000000000000000e+00,5.000000000000000000e+00,5.000000000000000000e+00,5.000000000000000000e+00,5.000000000000000000e+00,5.000000000000000000e+00,5.000000000000000000e+00,5.000000000000000000e+00,5.000000000000000000e+00,5.000000000000000000e+00,5.000000000000000000e+00,5.000000000000000000e+00,5.000000000000000000e+00,5.000000000000000000e+00,5.000000000000000000e+00,5.000000000000000000e+00,5.000000000000000000e+00,5.000000000000000000e+00,5.000000000000000000e+00,5.000000000000000000e+00,5.000000000000000000e+00,5.000000000000000000e+00,5.000000000000000000e+00,5.000000000000000000e+00,5.000000000000000000e+00
1.932852983474731445e+00,1.959529757499694824e+00,1.986953020095825195e+00,2.015155076980590820e+00,2.044169187545776367e+00,2.074030876159667969e+00,2.104778289794921875e+00,2.136450767517089844e+00,2.169090986251831055e+00,2.202744007110595703e+00,2.237461090087890625e+00,2.273290872573852539e+00,2.310286998748779297e+00,2.348507165908813477e+00,2.388013124465942383e+00,2.428870916366577148e+00,2.471148014068603516e+00,2.514920949935913086e+00,2.560272693634033203e+00,2.607290029525756836e+00,2.656066656112670898e+00,2.706703186035156250e+00,2.759307622909545898e+00,2.813997507095336914e+00,2.870899200439453125e+00,2.930149316787719727e+00,2.991896867752075195e+00,3.056303024291992188e+00,3.123542547225952148e+00,3.193807840347290039e+00,3.267306566238403320e+00,3.344268321990966797e+00,3.424943208694458008e+00,3.509606122970581055e+00,3.598561286926269531e+00,3.692142963409423828e+00,3.790719747543334961e+00,3.894704818725585938e+00,4.004555702209472656e+00,4.120782852172851562e+00,4.243958950042724609e+00,4.374725341796875000e+00,4.513806343078613281e+00,4.662021160125732422e+00,4.820300102233886719e+00,4.989704132080078125e+00,5.000000000000000000e+00,5.000000000000000000e+00,5.000000000000000000e+00,5.000000000000000000e+00,5.000000000000000000e+00,5.000000000000000000e+00,5.000000000000000000e+00,5.000000000000000000e+00,5.000000000000000000e+00,5.000000000000000000e+00,5.000000000000000000e+00,5.000000000000000000e+00,5.000000000000000000e+00,5.000000000000000000e+00,5.000000000000000000e+00,5.000000000000000000e+00,5.000000000000000000e+00,5.000000000000000000e+00,5.000000000000000000e+00,5.000000000000000000e+00,5.000000000000000000e+00,5.000000000000000000e+00,5.000000000000000000e+00,5.000000000000000000e+00,5.000000000000000000e+00,5.000000000000000000e+00,5.000000000000000000e+00,5.000000000000000000e+00,5.000000000000000000e+00,5.000000000000000000e+00,5.000000000000000000e+00,5.000000000000000000e+00,5.000000000000000000e+00,5.000000000000000000e+00
1.932824730873107910e+00,1.959500789642333984e+00,1.986923456192016602e+00,2.015124320983886719e+00,2.044137716293334961e+00,2.073998451232910156e+00,2.104744672775268555e+00,2.136416196823120117e+00,2.169055461883544922e+00,2.202707290649414062e+00,2.237420082092285156e+00,2.273244380950927734e+00,2.310237169265747070e+00,2.348455429077148438e+00,2.387959957122802734e+00,2.428815841674804688e+00,2.471094131469726562e+00,2.514870643615722656e+00,2.560223340988159180e+00,2.607239007949829102e+00,2.656013488769531250e+00,2.706647872924804688e+00,2.759250164031982422e+00,2.813937664031982422e+00,2.870836973190307617e+00,2.930084466934204102e+00,2.991829395294189453e+00,3.056232452392578125e+00,3.123469114303588867e+00,3.193730831146240234e+00,3.267226457595825195e+00,3.344184160232543945e+00,3.424854755401611328e+00,3.509513616561889648e+00,3.598463773727416992e+00,3.692040205001831055e+00,3.790613174438476562e+00,3.894593238830566406e+00,4.004437446594238281e+00,4.120657920837402344e+00,4.243825912475585938e+00,4.374584197998046875e+00,4.513656139373779297e+00,4.661860466003417969e+00,4.820128440856933594e+00,4.989520072937011719e+00,5.000000000000000000e+00,5.000000000000000000e+00,5.000000000000000000e+00,5.000000000000000000e+00,5.000000000000000000e+00,5.000000000000000000e+00,5.000000000000000000e+00,5.000000000000000000e+00,5.000000000000000000e+00,5.000000000000000000e+00,5.000000000000000000e+00,5.000000000000000000e+00,5.000000000000000000e+00,4.116120338439941406e+00,4.137193679809570312e+00,5.000000000000000000e+00,5.000000000000000000e+00,5.000000000000000000e+00,5.000000000000000000e+00,5.000000000000000000e+00,5.000000000000000000e+00,5.000000000000000000e+00,5.000000000000000000e+00,5.000000000000000000e+00,5.000000000000000000e+00,5.000000000000000000e+00,5.000000000000000000e+00,5.000000000000000000e+00,5.000000000000000000e+00,5.000000000000000000e+00,5.000000000000000000e+00,5.000000000000000000e+00,5.000000000000000000e+00,5.000000000000000000e+00
1.932796359062194824e+00,1.959471702575683594e+00,1.986893534660339355e+00,2.015093564987182617e+00,2.044106006622314453e+00,2.073966026306152344e+00,2.104711294174194336e+00,2.136381626129150391e+00,2.169019699096679688e+00,2.202670574188232422e+00,2.237382173538208008e+00,2.273205280303955078e+00,2.310194015502929688e+00,2.348406553268432617e+00,2.387906551361083984e+00,2.428760766983032227e+00,2.471037149429321289e+00,2.514811277389526367e+00,2.560164690017700195e+00,2.607183933258056641e+00,2.655960321426391602e+00,2.706592559814453125e+00,2.759192943572998047e+00,2.813878059387207031e+00,2.870774984359741211e+00,2.930020093917846680e+00,2.991761922836303711e+00,3.056162118911743164e+00,3.123395442962646484e+00,3.193654060363769531e+00,3.267145872116088867e+00,3.344099760055541992e+00,3.424766302108764648e+00,3.509420871734619141e+00,3.598366022109985352e+00,3.691937446594238281e+00,3.790505170822143555e+00,3.894479990005493164e+00,4.004318714141845703e+00,4.120532512664794922e+00,4.243692874908447266e+00,4.374442577362060547e+00,4.513505458831787109e+00,4.661700248718261719e+00,4.819957256317138672e+00,4.989336490631103516e+00,5.000000000000000000e+00,5.000000000000000000e+00,5.000000000000000000e+00,5.000000000000000000e+00,5.000000000000000000e+00,5.000000000000000000e+00,5.000000000000000000e+00,5.000000000000000000e+00,5.000000000000000000e+00,5.000000000000000000e+00,5.000000000000000000e+00,5.000000000000000000e+00,5.000000000000000000e+00,4.126214027404785156e+00,4.130781650543212891e+00,5.000000000000000000e+00,5.000000000000000000e+00,5.000000000000000000e+00,5.000000000000000000e+00,5.000000000000000000e+00,5.000000000000000000e+00,5.000000000000000000e+00,5.000000000000000000e+00,5.000000000000000000e+00,5.000000000000000000e+00,5.000000000000000000e+00,5.000000000000000000e+00,5.000000000000000000e+00,5.000000000000000000e+00,5.000000000000000000e+00,5.000000000000000000e+00,5.000000000000000000e+00,5.000000000000000000e+00,5.000000000000000000e+00
1.932768106460571289e+00,1.959442615509033203e+00,1.986863613128662109e+00,2.015063047409057617e+00,2.044074535369873047e+00,2.073933362960815430e+00,2.104677677154541016e+00,2.136347293853759766e+00,2.168984413146972656e+00,2.202634096145629883e+00,2.237344503402709961e+00,2.273166418075561523e+00,2.310153722763061523e+00,2.348364830017089844e+00,2.387861251831054688e+00,2.428709030151367188e+00,2.470980167388916016e+00,2.514752388000488281e+00,2.560103416442871094e+00,2.607120275497436523e+00,2.655896186828613281e+00,2.706532478332519531e+00,2.759135484695434570e+00,2.813818216323852539e+00,2.870712757110595703e+00,2.929955482482910156e+00,2.991694450378417969e+00,3.056091785430908203e+00,3.123322248458862305e+00,3.193577051162719727e+00,3.267065525054931641e+00,3.344015836715698242e+00,3.424677848815917969e+00,3.509327888488769531e+00,3.598268508911132812e+00,3.691834688186645508e+00,3.790396928787231445e+00,3.894365787506103516e+00,4.004199504852294922e+00,4.120407104492187500e+00,4.243559837341308594e+00,4.374301433563232422e+00,4.513355255126953125e+00,4.661540031433105469e+00,4.819785594940185547e+00,4.989152908325195312e+00,5.000000000000000000e+00,5.000000000000000000e+00,5.000000000000000000e+00,5.000000000000000000e+00,5.000000000000000000e+00,5.000000000000000000e+00,5.000000000000000000e+00,5.000000000000000000e+00,5.000000000000000000e+00,5.000000000000000000e+00,5.000000000000000000e+00,5.000000000000000000e+00,5.000000000000000000e+00,4.129146099090576172e+00,4.164482593536376953e+00,5.000000000000000000e+00,5.000000000000000000e+00,5.000000000000000000e+00,5.000000000000000000e+00,5.000000000000000000e+00,5.000000000000000000e+00,5.000000000000000000e+00,5.000000000000000000e+00,5.000000000000000000e+00,5.000000000000000000e+00,5.000000000000000000e+00,5.000000000000000000e+00,5.000000000000000000e+00,5.000000000000000000e+00,5.000000000000000000e+00,5.000000000000000000e+00,5.000000000000000000e+00,5.000000000000000000e+00,5.000000000000000000e+00
1.932739853858947754e+00,1.959413528442382812e+00,1.986833810806274414e+00,2.015032291412353516e+00,2.044042825698852539e+00,2.073900699615478516e+00,2.104644298553466797e+00,2.136312723159790039e+00,2.168948650360107422e+00,2.202597379684448242e+00,2.237306594848632812e+00,2.273127079010009766e+00,2.310113430023193359e+00,2.348323106765747070e+00,2.387818336486816406e+00,2.428664445877075195e+00,2.470932483673095703e+00,2.514697790145874023e+00,2.560042142868041992e+00,2.607056856155395508e+00,2.655830621719360352e+00,2.706463813781738281e+00,2.759065389633178711e+00,2.813752174377441406e+00,2.870650529861450195e+00,2.929890632629394531e+00,2.991626977920532227e+00,3.056021213531494141e+00,3.123248577117919922e+00,3.193500280380249023e+00,3.266984939575195312e+00,3.343931436538696289e+00,3.424589395523071289e+00,3.509235143661499023e+00,3.598171234130859375e+00,3.691731929779052734e+00,3.790288686752319336e+00,3.894251346588134766e+00,4.004078865051269531e+00,4.120280265808105469e+00,4.243427276611328125e+00,4.374160289764404297e+00,4.513205051422119141e+00,4.661379337310791016e+00,4.819613933563232422e+00,4.988968849182128906e+00,5.000000000000000000e+00,5.000000000000000000e+00,5.000000000000000000e+00,5.000000000000000000e+00,5.000000000000000000e+00,5.000000000000000000e+00,5.000000000000000000e+00,5.000000000000000000e+00,5.000000000000000000e+00,5.000000000000000000e+00,5.000000000000000000e+00,5.000000000000000000e+00,5.000000000000000000e+00,4.213654994964599609e+00,4.109527587890625000e+00,4.085536956787109375e+00,4.030440807342529297e+00,5.000000000000000000e+00,5.000000000000000000e+00,5.000000000000000000e+00,5.000000000000000000e+00,5.000000000000000000e+00,5.000000000000000000e+00,5.000000000000000000e+00,5.000000000000000000e+00,5.000000000000000000e+00,5.000000000000000000e+00,5.000000000000000000e+00,5.000000000000000000e+00,5.000000000000000000e+00,5.000000000000000000e+00,5.000000000000000000e+00,5.000000000000000000e+00,5.000000000000000000e+00
1.932711601257324219e+00,1.959384441375732422e+00,1.986803889274597168e+00,2.015001535415649414e+00,2.044011116027832031e+00,2.073868274688720703e+00,2.104610681533813477e+00,2.136278152465820312e+00,2.168913125991821289e+00,2.202560663223266602e+00,2.237268686294555664e+00,2.273087978363037109e+00,2.310072898864746094e+00,2.348281383514404297e+00,2.387775182723999023e+00,2.428619861602783203e+00,2.470886468887329102e+00,2.514650106430053711e+00,2.559991836547851562e+00,2.606998920440673828e+00,2.655764579772949219e+00,2.706395387649536133e+00,2.758994102478027344e+00,2.813678026199340820e+00,2.870573759078979492e+00,2.929817438125610352e+00,2.991558551788330078e+00,3.055950880050659180e+00,3.123175144195556641e+00,3.193423271179199219e+00,3.266904592514038086e+00,3.343847036361694336e+00,3.424500942230224609e+00,3.509142160415649414e+00,3.598073482513427734e+00,3.691629171371459961e+00,3.790180206298828125e+00,3.894137620925903320e+00,4.003957748413085938e+00,4.120152473449707031e+00,4.243292331695556641e+00,4.374019145965576172e+00,4.513054370880126953e+00,4.661219120025634766e+00,4.819442749023437500e+00,4.988785266876220703e+00,5.000000000000000000e+00,5.000000000000000000e+00,5.000000000000000000e+00,5.000000000000000000e+00,5.000000000000000000e+00,5.000000000000000000e+00,5.000000000000000000e+00,5.000000000000000000e+00,5.000000000000000000e+00,5.000000000000000000e+00,5.000000000000000000e+00,4.293526172637939453e+00,4.197766780853271484e+00,4.126524448394775391e+00,4.073168277740478516e+00,4.058847904205322266e+00,4.051744937896728516e+00,4.037341117858886719e+00,5.000000000000000000e+00,5.000000000000000000e+00,5.000000000000000000e+00,5.000000000000000000e+00,5.000000000000000000e+00,5.000000000000000000e+00,5.000000000000000000e+00,5.000000000000000000e+00,5.000000000000000000e+00,5.000000000000000000e+00,5.000000000000000000e+00,5.000000000000000000e+00,5.000000000000000000e+00,5.000000000000000000e+00,5.000000000000000000e+00,5.000000000000000000e+00
1.932683348655700684e+00,1.959355354309082031e+00,1.986773967742919922e+00,2.014970779418945312e+00,2.043979644775390625e+00,2.073835611343383789e+00,2.104577064514160156e+00,2.136243581771850586e+00,2.168877601623535156e+00,2.202523946762084961e+00,2.237230777740478516e+00,2.273048877716064453e+00,2.310032606124877930e+00,2.348239660263061523e+00,2.387732028961181641e+00,2.428575277328491211e+00,2.470840215682983398e+00,2.514602184295654297e+00,2.559942483901977539e+00,2.606947660446166992e+00,2.655711412429809570e+00,2.706333875656127930e+00,2.758924007415771484e+00,2.813604354858398438e+00,2.870496749877929688e+00,2.929737329483032227e+00,2.991474866867065430e+00,3.055870056152343750e+00,3.123098850250244141e+00,3.193346738815307617e+00,3.266824007034301758e+00,3.343762874603271484e+00,3.424412965774536133e+00,3.509049415588378906e+00,3.597975969314575195e+00,3.691526412963867188e+00,3.790071964263916016e+00,3.894023180007934570e+00,4.003837108612060547e+00,4.120024681091308594e+00,4.243156909942626953e+00,4.373875617980957031e+00,4.512904167175292969e+00,4.661058902740478516e+00,4.819271564483642578e+00,4.988601684570312500e+00,5.000000000000000000e+00,5.000000000000000000e+00,5.000000000000000000e+00,5.000000000000000000e+00,5.000000000000000000e+00,5.000000000000000000e+00,5.000000000000000000e+00,5.000000000000000000e+00,5.000000000000000000e+00,5.000000000000000000e+00,5.000000000000000000e+00,4.256244182586669922e+00,4.148291587829589844e+00,4.100631237030029297e+00,4.062676429748535156e+00,4.063088417053222656e+00,4.060430526733398438e+00,4.044743537902832031e+00,5.000000000000000000e+00,5.000000000000000000e+00,5.000000000000000000e+00,5.000000000000000000e+00,5.000000000000000000e+00,5.000000000000000000e+00,5.000000000000000000e+00,5.000000000000000000e+00,5.000000000000000000e+00,5.000000000000000000e+00,5.000000000000000000e+00,5.000000000000000000e+00,5.000000000000000000e+00,5.000000000000000000e+00,5.000000000000000000e+00,5.000000000000000000e+00
1.932654976844787598e+00,1.959326386451721191e+00,1.986744165420532227e+00,2.014940023422241211e+00,2.043947935104370117e+00,2.073803186416625977e+00,2.104543685913085938e+00,2.136209249496459961e+00,2.168842077255249023e+00,2.202487230300903320e+00,2.237192869186401367e+00,2.273009777069091797e+00,2.309992313385009766e+00,2.348197937011718750e+00,2.387688875198364258e+00,2.428530693054199219e+00,2.470793962478637695e+00,2.514554262161254883e+00,2.559892892837524414e+00,2.606896162033081055e+00,2.655658006668090820e+00,2.706278800964355469e+00,2.758866786956787109e+00,2.813539028167724609e+00,2.870421886444091797e+00,2.929656982421875000e+00,2.991391181945800781e+00,3.055783033370971680e+00,3.123008012771606445e+00,3.193257093429565430e+00,3.266739368438720703e+00,3.343678474426269531e+00,3.424324512481689453e+00,3.508956432342529297e+00,3.597878456115722656e+00,3.691423892974853516e+00,3.789963722229003906e+00,3.893908739089965820e+00,4.003716468811035156e+00,4.119896411895751953e+00,4.243021011352539062e+00,4.373731613159179688e+00,4.512751579284667969e+00,4.660898208618164062e+00,4.819099903106689453e+00,4.988417625427246094e+00,5.000000000000000000e+00,5.000000000000000000e+00,5.000000000000000000e+00,5.000000000000000000e+00,5.000000000000000000e+00,5.000000000000000000e+00,5.000000000000000000e+00,5.000000000000000000e+00,5.000000000000000000e+00,5.000000000000000000e+00,5.000000000000000000e+00,4.298733711242675781e+00,4.145780086517333984e+00,4.087842464447021484e+00,4.069535732269287109e+00,4.076780796051025391e+00,4.060809135437011719e+00,4.050086975097656250e+00,5.000000000000000000e+00,5.000000000000000000e+00,5.000000000000000000e+00,5.000000000000000000e+00,5.000000000000000000e+00,5.000000000000000000e+00,5.000000000000000000e+00,5.000000000000000000e+00,5.000000000000000000e+00,5.000000000000000000e+00,5.000000000000000000e+00,5.000000000000000000e+00,5.000000000000000000e+00,5.000000000000000000e+00,5.000000000000000000e+00,5.000000000000000000e+00
1.932626724243164062e+00,1.959297299385070801e+00,1.986714243888854980e+00,2.014909505844116211e+00,2.043916463851928711e+00,2.073770761489868164e+00,2.104510307312011719e+00,2.136174678802490234e+00,2.168806314468383789e+00,2.202450513839721680e+00,2.237155199050903320e+00,2.272970914840698242e+00,2.309951782226562500e+00,2.348156213760375977e+00,2.387645721435546875e+00,2.428485870361328125e+00,2.470747709274291992e+00,2.514506578445434570e+00,2.559843301773071289e+00,2.606844663619995117e+00,2.655604600906372070e+00,2.706223249435424805e+00,2.758809089660644531e+00,2.813478946685791016e+00,2.870359659194946289e+00,2.929587602615356445e+00,2.991311311721801758e+00,3.055695772171020508e+00,3.122916698455810547e+00,3.193161964416503906e+00,3.266639471054077148e+00,3.343578815460205078e+00,3.424229860305786133e+00,3.508863687515258789e+00,3.597780704498291016e+00,3.691321372985839844e+00,3.789855480194091797e+00,3.893794536590576172e+00,4.003595352172851562e+00,4.119768619537353516e+00,4.242885112762451172e+00,4.373587608337402344e+00,4.512598037719726562e+00,4.660735130310058594e+00,4.818928241729736328e+00,4.988234043121337891e+00,5.000000000000000000e+00,5.000000000000000000e+00,5.000000000000000000e+00,5.000000000000000000e+00,5.000000000000000000e+00,5.000000000000000000e+00,5.000000000000000000e+00,5.000000000000000000e+00,5.000000000000000000e+00,5.000000000000000000e+00,5.000000000000000000e+00,4.290063858032226562e+00,4.146143436431884766e+00,4.091279983520507812e+00,4.067801952362060547e+00,4.086414337158203125e+00,4.080179214477539062e+00,4.060532093048095703e+00,5.000000000000000000e+00,5.000000000000000000e+00,5.000000000000000000e+00,5.000000000000000000e+00,5.000000000000000000e+00,5.000000000000000000e+00,5.000000000000000000e+00,5.000000000000000000e+00,5.000000000000000000e+00,5.000000000000000000e+00,5.000000000000000000e+00,5.000000000000000000e+00,5.000000000000000000e+00,5.000000000000000000e+00,5.000000000000000000e+00,5.000000000000000000e+00
1.932598471641540527e+00,1.959268212318420410e+00,1.986684441566467285e+00,2.014878749847412109e+00,2.043884754180908203e+00,2.073738098144531250e+00,2.104476690292358398e+00,2.136140108108520508e+00,2.168770790100097656e+00,2.202413797378540039e+00,2.237117290496826172e+00,2.272931814193725586e+00,2.309911489486694336e+00,2.348114728927612305e+00,2.387602567672729492e+00,2.428441286087036133e+00,2.470701456069946289e+00,2.514458656311035156e+00,2.559793472290039062e+00,2.606793403625488281e+00,2.655551195144653320e+00,2.706167936325073242e+00,2.758751392364501953e+00,2.813419103622436523e+00,2.870297193527221680e+00,2.929522514343261719e+00,2.991243600845336914e+00,3.055621147155761719e+00,3.122830629348754883e+00,3.193066596984863281e+00,3.266540050506591797e+00,3.343474626541137695e+00,3.424120187759399414e+00,3.508752584457397461e+00,3.597674608230590820e+00,3.691218614578247070e+00,3.789747476577758789e+00,3.893680334091186523e+00,4.003474712371826172e+00,4.119640827178955078e+00,4.242749691009521484e+00,4.373443126678466797e+00,4.512444496154785156e+00,4.660571575164794922e+00,4.818753242492675781e+00,4.988050460815429688e+00,5.000000000000000000e+00,5.000000000000000000e+00,5.000000000000000000e+00,5.000000000000000000e+00,5.000000000000000000e+00,5.000000000000000000e+00,5.000000000000000000e+00,5.000000000000000000e+00,5.000000000000000000e+00,5.000000000000000000e+00,5.000000000000000000e+00,4.304314136505126953e+00,4.134365081787109375e+00,4.079835891723632812e+00,4.051324844360351562e+00,4.069282531738281250e+00,4.105473518371582031e+00,4.058891296386718750e+00,5.000000000000000000e+00,5.000000000000000000e+00,5.000000000000000000e+00,5.000000000000000000e+00,5.000000000000000000e+00,5.000000000000000000e+00,5.000000000000000000e+00,5.000000000000000000e+00,5.000000000000000000e+00,5.000000000000000000e+00,5.000000000000000000e+00,5.000000000000000000e+00,5.000000000000000000e+00,5.000000000000000000e+00,5.000000000000000000e+00,5.000000000000000000e+00
1.932570457458496094e+00,1.959239363670349121e+00,1.986654520034790039e+00,2.014847993850708008e+00,2.043853282928466797e+00,2.073705673217773438e+00,2.104443073272705078e+00,2.136105537414550781e+00,2.168735265731811523e+00,2.202377080917358398e+00,2.237079381942749023e+00,2.272892713546752930e+00,2.309871196746826172e+00,2.348073005676269531e+00,2.387559413909912109e+00,2.428396940231323242e+00,2.470655441284179688e+00,2.514410972595214844e+00,2.559743881225585938e+00,2.606741905212402344e+00,2.655497789382934570e+00,2.706112384796142578e+00,2.758693933486938477e+00,2.813359260559082031e+00,2.870234966278076172e+00,2.929457664489746094e+00,2.991175651550292969e+00,3.055550336837768555e+00,3.122756958007812500e+00,3.192986249923706055e+00,3.266447305679321289e+00,3.343369960784912109e+00,3.424010753631591797e+00,3.508637189865112305e+00,3.597553491592407227e+00,3.691093444824218750e+00,3.789627313613891602e+00,3.893565893173217773e+00,4.003353595733642578e+00,4.119513034820556641e+00,4.242614269256591797e+00,4.373299121856689453e+00,4.512290954589843750e+00,4.660407543182373047e+00,4.818578243255615234e+00,4.987862110137939453e+00,5.000000000000000000e+00,5.000000000000000000e+00,5.000000000000000000e+00,5.000000000000000000e+00,5.000000000000000000e+00,5.000000000000000000e+00,5.000000000000000000e+00,5.000000000000000000e+00,5.000000000000000000e+00,5.000000000000000000e+00,5.000000000000000000e+00,4.303571701049804688e+00,4.143945217132568359e+00,4.087893962860107422e+00,4.058093070983886719e+00,4.057347297668457031e+00,4.092155456542968750e+00,4.044919013977050781e+00,5.000000000000000000e+00,5.000000000000000000e+00,5.000000000000000000e+00,5.000000000000000000e+00,5.000000000000000000e+00,5.000000000000000000e+00,5.000000000000000000e+00,5.000000000000000000e+00,5.000000000000000000e+00,5.000000000000000000e+00,5.000000000000000000e+00,5.000000000000000000e+00,5.000000000000000000e+00,5.000000000000000000e+00,5.000000000000000000e+00,5.000000000000000000e+00
1.932542204856872559e+00,1.959210395812988281e+00,1.986624836921691895e+00,2.014817237854003906e+00,2.043821573257446289e+00,2.073673009872436523e+00,2.104409694671630859e+00,2.136070966720581055e+00,2.168699502944946289e+00,2.202340364456176758e+00,2.237041473388671875e+00,2.272853612899780273e+00,2.309830904006958008e+00,2.348031282424926758e+00,2.387516260147094727e+00,2.428352117538452148e+00,2.470609426498413086e+00,2.514363050460815430e+00,2.559694528579711914e+00,2.606690645217895508e+00,2.655444622039794922e+00,2.706057071685791016e+00,2.758636236190795898e+00,2.813299179077148438e+00,2.870172500610351562e+00,2.929392576217651367e+00,2.991107940673828125e+00,3.055479764938354492e+00,3.122683048248291016e+00,3.192909240722656250e+00,3.266366481781005859e+00,3.343283414840698242e+00,3.423910140991210938e+00,3.508522510528564453e+00,3.597432851791381836e+00,3.690965890884399414e+00,3.789493322372436523e+00,3.893424987792968750e+00,4.003217697143554688e+00,4.119383335113525391e+00,4.242478370666503906e+00,4.373155117034912109e+00,4.512137413024902344e+00,4.660243988037109375e+00,4.818403244018554688e+00,4.987675189971923828e+00,5.000000000000000000e+00,5.000000000000000000e+00,5.000000000000000000e+00,5.000000000000000000e+00,5.000000000000000000e+00,5.000000000000000000e+00,5.000000000000000000e+00,5.000000000000000000e+00,5.000000000000000000e+00,5.000000000000000000e+00,5.000000000000000000e+00,4.265793323516845703e+00,4.163080215454101562e+00,4.114321231842041016e+00,4.038299083709716797e+00,4.033963203430175781e+00,5.000000000000000000e+00,4.031698226928710938e+00,5.000000000000000000e+00,5.000000000000000000e+00,5.000000000000000000e+00,5.000000000000000000e+00,5.000000000000000000e+00,5.000000000000000000e+00,5.000000000000000000e+00,5.000000000000000000e+00,5.000000000000000000e+00,5.000000000000000000e+00,5.000000000000000000e+00,5.000000000000000000e+00,5.000000000000000000e+00,5.000000000000000000e+00,5.000000000000000000e+00,5.000000000000000000e+00
1.932513952255249023e+00,1.959181308746337891e+00,1.986595034599304199e+00,2.014786481857299805e+00,2.043790102005004883e+00,2.073640584945678711e+00,2.104376316070556641e+00,2.136036634445190430e+00,2.168664216995239258e+00,2.202303647994995117e+00,2.237003564834594727e+00,2.272814512252807617e+00,2.309790372848510742e+00,2.347989559173583984e+00,2.387473106384277344e+00,2.428307533264160156e+00,2.470563173294067383e+00,2.514315128326416016e+00,2.559644937515258789e+00,2.606639146804809570e+00,2.655391216278076172e+00,2.706001758575439453e+00,2.758578777313232422e+00,2.813239574432373047e+00,2.870110511779785156e+00,2.929327726364135742e+00,2.991040229797363281e+00,3.055409193038940430e+00,3.122609138488769531e+00,3.192831993103027344e+00,3.266285657882690430e+00,3.343198776245117188e+00,3.423821449279785156e+00,3.508428573608398438e+00,3.597323417663574219e+00,3.690839767456054688e+00,3.789359331130981445e+00,3.893283128738403320e+00,4.003067970275878906e+00,4.119224548339843750e+00,4.242323398590087891e+00,4.373006343841552734e+00,4.511983871459960938e+00,4.660079956054687500e+00,4.818228721618652344e+00,4.987487316131591797e+00,5.000000000000000000e+00,5.000000000000000000e+00,5.000000000000000000e+00,5.000000000000000000e+00,5.000000000000000000e+00,5.000000000000000000e+00,5.000000000000000000e+00,5.000000000000000000e+00,5.000000000000000000e+00,5.000000000000000000e+00,5.000000000000000000e+00,4.164883136749267578e+00,4.124612808227539062e+00,4.073784828186035156e+00,4.015508651733398438e+00,4.013670444488525391e+00,5.000000000000000000e+00,4.028487205505371094e+00,5.000000000000000000e+00,5.000000000000000000e+00,5.000000000000000000e+00,5.000000000000000000e+00,5.000000000000000000e+00,5.000000000000000000e+00,5.000000000000000000e+00,5.000000000000000000e+00,5.000000000000000000e+00,5.000000000000000000e+00,5.000000000000000000e+00,5.000000000000000000e+00,5.000000000000000000e+00,5.000000000000000000e+00,5.000000000000000000e+00,5.000000000000000000e+00
1.932485580444335938e+00,1.959152221679687500e+00,1.986565113067626953e+00,2.014755964279174805e+00,2.043758392333984375e+00,2.073608160018920898e+00,2.104342699050903320e+00,2.136002063751220703e+00,2.168628454208374023e+00,2.202267169952392578e+00,2.236965894699096680e+00,2.272775411605834961e+00,2.309750080108642578e+00,2.347947835922241211e+00,2.387430191040039062e+00,2.428262948989868164e+00,2.470516920089721680e+00,2.514267444610595703e+00,2.559595346450805664e+00,2.606587886810302734e+00,2.655337810516357422e+00,2.705946207046508789e+00,2.758521318435668945e+00,2.813179731369018555e+00,2.870048046112060547e+00,2.929262876510620117e+00,2.990972757339477539e+00,3.055338621139526367e+00,3.122535467147827148e+00,3.192754745483398438e+00,3.266204833984375000e+00,3.343114137649536133e+00,3.423732757568359375e+00,3.508335351943969727e+00,3.597225427627563477e+00,3.690736532211303711e+00,3.789239406585693359e+00,3.893144369125366211e+00,4.002918243408203125e+00,4.119066238403320312e+00,4.242155075073242188e+00,4.372827529907226562e+00,4.511806011199951172e+00,4.659908294677734375e+00,4.818053245544433594e+00,4.987299919128417969e+00,5.000000000000000000e+00,5.000000000000000000e+00,5.000000000000000000e+00,5.000000000000000000e+00,5.000000000000000000e+00,5.000000000000000000e+00,5.000000000000000000e+00,5.000000000000000000e+00,5.000000000000000000e+00,5.000000000000000000e+00,4.227096080780029297e+00,4.137111186981201172e+00,4.113877773284912109e+00,4.058722496032714844e+00,4.007539272308349609e+00,4.028383255004882812e+00,4.029272079467773438e+00,4.007192611694335938e+00,5.000000000000000000e+00,5.000000000000000000e+00,5.000000000000000000e+00,5.000000000000000000e+00,5.000000000000000000e+00,5.000000000000000000e+00,5.000000000000000000e+00,5.000000000000000000e+00,5.000000000000000000e+00,5.000000000000000000e+00,5.000000000000000000e+00,5.000000000000000000e+00,5.000000000000000000e+00,5.000000000000000000e+00,5.000000000000000000e+00,5.000000000000000000e+00
1.932457327842712402e+00,1.959123134613037109e+00,1.986535191535949707e+00,2.014725208282470703e+00,2.043726921081542969e+00,2.073575496673583984e+00,2.104309082031250000e+00,2.135967493057250977e+00,2.168592929840087891e+00,2.202230453491210938e+00,2.236927986145019531e+00,2.272736310958862305e+00,2.309709787368774414e+00,2.347906112670898438e+00,2.387387037277221680e+00,2.428218364715576172e+00,2.470470666885375977e+00,2.514219522476196289e+00,2.559545755386352539e+00,2.606536388397216797e+00,2.655284404754638672e+00,2.705890893936157227e+00,2.758463621139526367e+00,2.813119888305664062e+00,2.869985818862915039e+00,2.929198026657104492e+00,2.990905046463012695e+00,3.055268049240112305e+00,3.122461795806884766e+00,3.192677974700927734e+00,3.266124486923217773e+00,3.343029499053955078e+00,3.423643827438354492e+00,3.508242130279541016e+00,3.597127437591552734e+00,3.690633535385131836e+00,3.789130926132202148e+00,3.893029689788818359e+00,4.002787113189697266e+00,4.118912696838378906e+00,4.241987228393554688e+00,4.372648715972900391e+00,4.511615753173828125e+00,4.659705638885498047e+00,4.817847251892089844e+00,4.987099647521972656e+00,5.000000000000000000e+00,5.000000000000000000e+00,5.000000000000000000e+00,5.000000000000000000e+00,5.000000000000000000e+00,5.000000000000000000e+00,5.000000000000000000e+00,5.000000000000000000e+00,5.000000000000000000e+00,5.000000000000000000e+00,4.280868530273437500e+00,4.126009464263916016e+00,4.111957550048828125e+00,4.042339801788330078e+00,4.002039432525634766e+00,4.064060211181640625e+00,5.000000000000000000e+00,3.994361639022827148e+00,5.000000000000000000e+00,5.000000000000000000e+00,5.000000000000000000e+00,5.000000000000000000e+00,5.000000000000000000e+00,5.000000000000000000e+00,5.000000000000000000e+00,5.000000000000000000e+00,5.000000000000000000e+00,5.000000000000000000e+00,5.000000000000000000e+00,5.000000000000000000e+00,5.000000000000000000e+00,5.000000000000000000e+00,5.000000000000000000e+00,5.000000000000000000e+00
1.932429075241088867e+00,1.959094166755676270e+00,1.986505389213562012e+00,2.014694452285766602e+00,2.043695211410522461e+00,2.073543071746826172e+00,2.104275703430175781e+00,2.135932922363281250e+00,2.168557405471801758e+00,2.202193737030029297e+00,2.236890077590942383e+00,2.272697210311889648e+00,2.309669494628906250e+00,2.347864389419555664e+00,2.387343883514404297e+00,2.428173780441284180e+00,2.470424652099609375e+00,2.514171838760375977e+00,2.559496164321899414e+00,2.606484889984130859e+00,2.655231237411499023e+00,2.705835580825805664e+00,2.758406162261962891e+00,2.813059806823730469e+00,2.869923353195190430e+00,2.929133176803588867e+00,2.990837335586547852e+00,3.055197477340698242e+00,3.122388124465942383e+00,3.192600727081298828e+00,3.266043663024902344e+00,3.342945337295532227e+00,3.423555612564086914e+00,3.508149385452270508e+00,3.597029447555541992e+00,3.690530300140380859e+00,3.789022207260131836e+00,3.892915010452270508e+00,4.002665996551513672e+00,4.118784427642822266e+00,4.241841793060302734e+00,4.372478961944580078e+00,4.511425495147705078e+00,4.659502506256103516e+00,4.817630290985107422e+00,4.986867427825927734e+00,5.000000000000000000e+00,5.000000000000000000e+00,5.000000000000000000e+00,5.000000000000000000e+00,5.000000000000000000e+00,5.000000000000000000e+00,5.000000000000000000e+00,5.000000000000000000e+00,5.000000000000000000e+00,5.000000000000000000e+00,5.000000000000000000e+00,4.115276336669921875e+00,4.105628490447998047e+00,4.028052330017089844e+00,3.994855642318725586e+00,5.000000000000000000e+00,5.000000000000000000e+00,5.000000000000000000e+00,5.000000000000000000e+00,5.000000000000000000e+00,5.000000000000000000e+00,5.000000000000000000e+00,5.000000000000000000e+00,5.000000000000000000e+00,5.000000000000000000e+00,5.000000000000000000e+00,5.000000000000000000e+00,5.000000000000000000e+00,5.000000000000000000e+00,5.000000000000000000e+00,5.000000000000000000e+00,5.000000000000000000e+00,5.000000000000000000e+00,5.000000000000000000e+00
1.932400822639465332e+00,1.959065079689025879e+00,1.986475467681884766e+00,2.014663696289062500e+00,2.043663740158081055e+00,2.073510646820068359e+00,2.104242086410522461e+00,2.135898351669311523e+00,2.168521642684936523e+00,2.202157020568847656e+00,2.236852169036865234e+00,2.272658348083496094e+00,2.309628963470458984e+00,2.347822666168212891e+00,2.387300729751586914e+00,2.428129196166992188e+00,2.470378637313842773e+00,2.514123916625976562e+00,2.559446811676025391e+00,2.606433629989624023e+00,2.655178070068359375e+00,2.705780267715454102e+00,2.758348464965820312e+00,2.812999963760375977e+00,2.869860887527465820e+00,2.929068088531494141e+00,2.990769624710083008e+00,3.055126667022705078e+00,3.122314214706420898e+00,3.192523717880249023e+00,3.265963077545166016e+00,3.342860698699951172e+00,3.423466920852661133e+00,3.508056163787841797e+00,3.596931934356689453e+00,3.690427780151367188e+00,3.788913965225219727e+00,3.892800807952880859e+00,4.002544403076171875e+00,4.118656158447265625e+00,4.241705417633056641e+00,4.372334003448486328e+00,4.511263847351074219e+00,4.659312248229980469e+00,4.817413806915283203e+00,4.986635208129882812e+00,5.000000000000000000e+00,5.000000000000000000e+00,5.000000000000000000e+00,5.000000000000000000e+00,5.000000000000000000e+00,5.000000000000000000e+00,5.000000000000000000e+00,5.000000000000000000e+00,5.000000000000000000e+00,5.000000000000000000e+00,5.000000000000000000e+00,4.099516391754150391e+00,4.099475860595703125e+00,4.013000488281250000e+00,4.006228446960449219e+00,5.000000000000000000e+00,5.000000000000000000e+00,5.000000000000000000e+00,5.000000000000000000e+00,5.000000000000000000e+00,5.000000000000000000e+00,5.000000000000000000e+00,5.000000000000000000e+00,5.000000000000000000e+00,5.000000000000000000e+00,5.000000000000000000e+00,5.000000000000000000e+00,5.000000000000000000e+00,5.000000000000000000e+00,5.000000000000000000e+00,5.000000000000000000e+00,5.000000000000000000e+00,5.000000000000000000e+00,5.000000000000000000e+00
1.932372570037841797e+00,1.959035992622375488e+00,1.986445665359497070e+00,2.014633178710937500e+00,2.043632030487060547e+00,2.073477983474731445e+00,2.104208707809448242e+00,2.135864019393920898e+00,2.168486356735229492e+00,2.202120304107666016e+00,2.236814498901367188e+00,2.272619247436523438e+00,2.309588670730590820e+00,2.347780942916870117e+00,2.387257575988769531e+00,2.428084611892700195e+00,2.470332384109497070e+00,2.514076232910156250e+00,2.559397220611572266e+00,2.606382369995117188e+00,2.655124664306640625e+00,2.705724954605102539e+00,2.758291006088256836e+00,2.812940359115600586e+00,2.869798898696899414e+00,2.929003238677978516e+00,2.990701913833618164e+00,3.055056095123291016e+00,3.122240543365478516e+00,3.192446470260620117e+00,3.265882253646850586e+00,3.342776060104370117e+00,3.423377990722656250e+00,3.507963180541992188e+00,3.596833944320678711e+00,3.690324544906616211e+00,3.788805246353149414e+00,3.892685890197753906e+00,4.002423763275146484e+00,4.118527889251708984e+00,4.241569519042968750e+00,4.372189521789550781e+00,4.511109828948974609e+00,4.659147739410400391e+00,4.817231655120849609e+00,4.986419677734375000e+00,5.000000000000000000e+00,5.000000000000000000e+00,5.000000000000000000e+00,5.000000000000000000e+00,5.000000000000000000e+00,5.000000000000000000e+00,5.000000000000000000e+00,5.000000000000000000e+00,5.000000000000000000e+00,5.000000000000000000e+00,5.000000000000000000e+00,4.116469860076904297e+00,4.127945423126220703e+00,4.038619041442871094e+00,4.020525455474853516e+00,5.000000000000000000e+00,5.000000000000000000e+00,5.000000000000000000e+00,5.000000000000000000e+00,5.000000000000000000e+00,5.000000000000000000e+00,5.000000000000000000e+00,5.000000000000000000e+00,5.000000000000000000e+00,5.000000000000000000e+00,5.000000000000000000e+00,5.000000000000000000e+00,5.000000000000000000e+00,5.000000000000000000e+00,5.000000000000000000e+00,5.000000000000000000e+00,5.000000000000000000e+00,5.000000000000000000e+00,5.000000000000000000e+00
1.932344317436218262e+00,1.959006905555725098e+00,1.986415743827819824e+00,2.014602422714233398e+00,2.043600559234619141e+00,2.073445558547973633e+00,2.104175329208374023e+00,2.135829448699951172e+00,2.168450593948364258e+00,2.202083826065063477e+00,2.236776590347290039e+00,2.272580146789550781e+00,2.309548377990722656e+00,2.347739219665527344e+00,2.387214422225952148e+00,2.428040027618408203e+00,2.470286130905151367e+00,2.514028310775756836e+00,2.559347629547119141e+00,2.606330871582031250e+00,2.655071258544921875e+00,2.705669403076171875e+00,2.758233547210693359e+00,2.812880516052246094e+00,2.869736671447753906e+00,2.928938388824462891e+00,2.990634679794311523e+00,3.054985761642456055e+00,3.122166633605957031e+00,3.192369461059570312e+00,3.265801429748535156e+00,3.342691659927368164e+00,3.423289299011230469e+00,3.507869958877563477e+00,3.596735954284667969e+00,3.690221548080444336e+00,3.788696527481079102e+00,3.892571210861206055e+00,4.002302169799804688e+00,4.118399620056152344e+00,4.241433620452880859e+00,4.372045040130615234e+00,4.510955810546875000e+00,4.658983707427978516e+00,4.817056179046630859e+00,4.986231803894042969e+00,5.000000000000000000e+00,5.000000000000000000e+00,5.000000000000000000e+00,5.000000000000000000e+00,5.000000000000000000e+00,5.000000000000000000e+00,5.000000000000000000e+00,5.000000000000000000e+00,5.000000000000000000e+00,5.000000000000000000e+00,5.000000000000000000e+00,5.000000000000000000e+00,4.206143856048583984e+00,4.100143432617187500e+00,4.044944286346435547e+00,5.000000000000000000e+00,5.000000000000000000e+00,5.000000000000000000e+00,5.000000000000000000e+00,5.000000000000000000e+00,5.000000000000000000e+00,5.000000000000000000e+00,5.000000000000000000e+00,5.000000000000000000e+00,5.000000000000000000e+00,5.000000000000000000e+00,5.000000000000000000e+00,5.000000000000000000e+00,5.000000000000000000e+00,5.000000000000000000e+00,5.000000000000000000e+00,5.000000000000000000e+00,5.000000000000000000e+00,5.000000000000000000e+00
1.932316064834594727e+00,1.958977937698364258e+00,1.986385941505432129e+00,2.014571666717529297e+00,2.043568849563598633e+00,2.073412895202636719e+00,2.104141712188720703e+00,2.135794878005981445e+00,2.168415069580078125e+00,2.202047109603881836e+00,2.236738681793212891e+00,2.272541046142578125e+00,2.309508085250854492e+00,2.347697734832763672e+00,2.387171506881713867e+00,2.427995443344116211e+00,2.470239877700805664e+00,2.513980388641357422e+00,2.559298038482666016e+00,2.606279373168945312e+00,2.655017852783203125e+00,2.705614089965820312e+00,2.758175849914550781e+00,2.812820434570312500e+00,2.869674205780029297e+00,2.928873538970947266e+00,2.990566968917846680e+00,3.054914951324462891e+00,3.122093200683593750e+00,3.192292451858520508e+00,3.265721082687377930e+00,3.342607021331787109e+00,3.423200607299804688e+00,3.507776737213134766e+00,3.596638202667236328e+00,3.690118312835693359e+00,3.788588047027587891e+00,3.892456531524658203e+00,4.002181529998779297e+00,4.118271350860595703e+00,4.241297245025634766e+00,4.371900081634521484e+00,4.510801792144775391e+00,4.658819675445556641e+00,4.816880702972412109e+00,4.986043930053710938e+00,5.000000000000000000e+00,5.000000000000000000e+00,5.000000000000000000e+00,5.000000000000000000e+00,5.000000000000000000e+00,5.000000000000000000e+00,5.000000000000000000e+00,5.000000000000000000e+00,5.000000000000000000e+00,5.000000000000000000e+00,5.000000000000000000e+00,5.000000000000000000e+00,5.000000000000000000e+00,4.110935211181640625e+00,4.058467864990234375e+00,5.000000000000000000e+00,5.000000000000000000e+00,5.000000000000000000e+00,5.000000000000000000e+00,5.000000000000000000e+00,5.000000000000000000e+00,5.000000000000000000e+00,5.000000000000000000e+00,5.000000000000000000e+00,5.000000000000000000e+00,5.000000000000000000e+00,5.000000000000000000e+00,5.000000000000000000e+00,5.000000000000000000e+00,5.000000000000000000e+00,5.000000000000000000e+00,5.000000000000000000e+00,5.000000000000000000e+00,5.000000000000000000e+00
1.932287931442260742e+00,1.958949089050292969e+00,1.986356258392333984e+00,2.014540910720825195e+00,2.043537139892578125e+00,2.073380470275878906e+00,2.104108333587646484e+00,2.135760545730590820e+00,2.168379545211791992e+00,2.202010393142700195e+00,2.236701011657714844e+00,2.272501945495605469e+00,2.309467792510986328e+00,2.347656011581420898e+00,2.387128353118896484e+00,2.427950859069824219e+00,2.470193862915039062e+00,2.513932704925537109e+00,2.559248685836791992e+00,2.606228113174438477e+00,2.654964447021484375e+00,2.705558538436889648e+00,2.758118391036987305e+00,2.812760591506958008e+00,2.869611978530883789e+00,2.928808689117431641e+00,2.990499258041381836e+00,3.054844379425048828e+00,3.122019529342651367e+00,3.192215442657470703e+00,3.265640258789062500e+00,3.342522859573364258e+00,3.423112392425537109e+00,3.507683992385864258e+00,3.596540689468383789e+00,3.690015316009521484e+00,3.788479328155517578e+00,3.892341852188110352e+00,4.002059936523437500e+00,4.118143081665039062e+00,4.241161346435546875e+00,4.371756076812744141e+00,4.510648250579833984e+00,4.658655166625976562e+00,4.816705226898193359e+00,4.985855579376220703e+00,5.000000000000000000e+00,5.000000000000000000e+00,5.000000000000000000e+00,5.000000000000000000e+00,5.000000000000000000e+00,5.000000000000000000e+00,5.000000000000000000e+00,5.000000000000000000e+00,5.000000000000000000e+00,5.000000000000000000e+00,5.000000000000000000e+00,5.000000000000000000e+00,5.000000000000000000e+00,4.122427463531494141e+00,4.076930046081542969e+00,5.000000000000000000e+00,5.000000000000000000e+00,5.000000000000000000e+00,5.000000000000000000e+00,5.000000000000000000e+00,5.000000000000000000e+00,5.000000000000000000e+00,5.000000000000000000e+00,5.000000000000000000e+00,5.000000000000000000e+00,5.000000000000000000e+00,5.000000000000000000e+00,5.000000000000000000e+00,5.000000000000000000e+00,5.000000000000000000e+00,5.000000000000000000e+00,5.000000000000000000e+00,5.000000000000000000e+00,5.000000000000000000e+00
1.932259678840637207e+00,1.958920001983642578e+00,1.986326456069946289e+00,2.014510393142700195e+00,2.043505668640136719e+00,2.073348045349121094e+00,2.104074716567993164e+00,2.135725975036621094e+00,2.168344020843505859e+00,2.201973676681518555e+00,2.236663103103637695e+00,2.272462844848632812e+00,2.309427261352539062e+00,2.347614288330078125e+00,2.387085199356079102e+00,2.427906274795532227e+00,2.470147848129272461e+00,2.513885021209716797e+00,2.559199094772338867e+00,2.606176853179931641e+00,2.654911279678344727e+00,2.705503463745117188e+00,2.758060693740844727e+00,2.812700748443603516e+00,2.869549512863159180e+00,2.928743600845336914e+00,2.990431547164916992e+00,3.054773807525634766e+00,3.121945619583129883e+00,3.192138195037841797e+00,3.265559673309326172e+00,3.342438220977783203e+00,3.423023700714111328e+00,3.507590770721435547e+00,3.596442699432373047e+00,3.689912796020507812e+00,3.788371086120605469e+00,3.892227649688720703e+00,4.001938819885253906e+00,4.118014812469482422e+00,4.241025447845458984e+00,4.371611118316650391e+00,4.510494232177734375e+00,4.658491134643554688e+00,4.816529750823974609e+00,4.985667705535888672e+00,5.000000000000000000e+00,5.000000000000000000e+00,5.000000000000000000e+00,5.000000000000000000e+00,5.000000000000000000e+00,5.000000000000000000e+00,5.000000000000000000e+00,5.000000000000000000e+00,5.000000000000000000e+00,5.000000000000000000e+00,5.000000000000000000e+00,5.000000000000000000e+00,5.000000000000000000e+00,5.000000000000000000e+00,4.097871303558349609e+00,5.000000000000000000e+00,5.000000000000000000e+00,5.000000000000000000e+00,5.000000000000000000e+00,5.000000000000000000e+00,5.000000000000000000e+00,5.000000000000000000e+00,5.000000000000000000e+00,5.000000000000000000e+00,5.000000000000000000e+00,5.000000000000000000e+00,5.000000000000000000e+00,5.000000000000000000e+00,5.000000000000000000e+00,5.000000000000000000e+00,5.000000000000000000e+00,5.000000000000000000e+00,5.000000000000000000e+00,5.000000000000000000e+00
1.932231426239013672e+00,1.958891034126281738e+00,1.986296534538269043e+00,2.014479637145996094e+00,2.043474197387695312e+00,2.073315382003784180e+00,2.104041337966918945e+00,2.135691404342651367e+00,2.168308496475219727e+00,2.201936960220336914e+00,2.236625194549560547e+00,2.272423744201660156e+00,2.309386968612670898e+00,2.347572565078735352e+00,2.387042045593261719e+00,2.427861690521240234e+00,2.470101594924926758e+00,2.513837099075317383e+00,2.559149503707885742e+00,2.606125354766845703e+00,2.654858112335205078e+00,2.705447912216186523e+00,2.758003473281860352e+00,2.812641143798828125e+00,2.869487524032592773e+00,2.928678750991821289e+00,2.990363836288452148e+00,3.054702997207641602e+00,3.121871948242187500e+00,3.192061185836791992e+00,3.265478849411010742e+00,3.342353582382202148e+00,3.422935009002685547e+00,3.507497787475585938e+00,3.596344709396362305e+00,3.689809560775756836e+00,3.788262367248535156e+00,3.892112970352172852e+00,4.001817703247070312e+00,4.117886543273925781e+00,4.240889549255371094e+00,4.371466636657714844e+00,4.510340213775634766e+00,4.658327102661132812e+00,4.816354274749755859e+00,4.985479831695556641e+00,5.000000000000000000e+00,5.000000000000000000e+00,5.000000000000000000e+00,5.000000000000000000e+00,5.000000000000000000e+00,5.000000000000000000e+00,5.000000000000000000e+00,5.000000000000000000e+00,5.000000000000000000e+00,5.000000000000000000e+00,5.000000000000000000e+00,5.000000000000000000e+00,5.000000000000000000e+00,5.000000000000000000e+00,4.127023220062255859e+00,5.000000000000000000e+00,5.000000000000000000e+00,5.000000000000000000e+00,5.000000000000000000e+00,5.000000000000000000e+00,5.000000000000000000e+00,5.000000000000000000e+00,5.000000000000000000e+00,5.000000000000000000e+00,5.000000000000000000e+00,5.000000000000000000e+00,5.000000000000000000e+00,5.000000000000000000e+00,5.000000000000000000e+00,5.000000000000000000e+00,5.000000000000000000e+00,5.000000000000000000e+00,5.000000000000000000e+00,5.000000000000000000e+00
1.932203173637390137e+00,1.958861947059631348e+00,1.986266732215881348e+00,2.014448881149291992e+00,2.043442487716674805e+00,2.073282957077026367e+00,2.104007720947265625e+00,2.135657072067260742e+00,2.168272972106933594e+00,2.201900482177734375e+00,2.236587524414062500e+00,2.272384881973266602e+00,2.309346675872802734e+00,2.347530841827392578e+00,2.386999130249023438e+00,2.427817106246948242e+00,2.470055341720581055e+00,2.513789415359497070e+00,2.559099912643432617e+00,2.606073856353759766e+00,2.654804706573486328e+00,2.705392599105834961e+00,2.757945775985717773e+00,2.812581300735473633e+00,2.869425058364868164e+00,2.928614139556884766e+00,2.990296363830566406e+00,3.054632663726806641e+00,3.121798038482666016e+00,3.191983938217163086e+00,3.265398263931274414e+00,3.342268943786621094e+00,3.422846317291259766e+00,3.507404565811157227e+00,3.596246957778930664e+00,3.689706563949584961e+00,3.788153886795043945e+00,3.891998291015625000e+00,4.001696586608886719e+00,4.117758274078369141e+00,4.240753173828125000e+00,4.371322154998779297e+00,4.510186672210693359e+00,4.658163070678710938e+00,4.816178798675537109e+00,4.820071220397949219e+00,4.818888187408447266e+00,4.817705631256103516e+00,4.816523075103759766e+00,4.815341949462890625e+00,4.814160823822021484e+00,4.812980651855468750e+00,4.811800956726074219e+00,4.810621738433837891e+00,4.809442996978759766e+00,4.808265209197998047e+00,4.807087898254394531e+00,4.805911064147949219e+00,4.804734706878662109e+00,4.081070423126220703e+00,4.121124744415283203e+00,4.801209449768066406e+00,4.800035953521728516e+00,4.798861980438232422e+00,4.797689437866210938e+00,4.796517372131347656e+00,4.795345783233642578e+00,4.794174671173095703e+00,4.793004035949707031e+00,4.791833877563476562e+00,4.790664672851562500e+00,4.789496421813964844e+00,4.788327693939208984e+00,4.787160396575927734e+00,4.785993099212646484e+00,4.784826755523681641e+00,4.783660411834716797e+00,4.782495498657226562e+00,4.781330585479736328e+00,4.780166149139404297e+00
1.932174921035766602e+00,1.958832859992980957e+00,1.986236810684204102e+00,2.014418125152587891e+00,2.043411016464233398e+00,2.073250293731689453e+00,2.103974342346191406e+00,2.135622501373291016e+00,2.168237209320068359e+00,2.201863765716552734e+00,2.236549615859985352e+00,2.272345781326293945e+00,2.309306383132934570e+00,2.347489356994628906e+00,2.386955976486206055e+00,2.427772521972656250e+00,2.470009088516235352e+00,2.513741493225097656e+00,2.559050321578979492e+00,2.606022596359252930e+00,2.654751300811767578e+00,2.705337285995483398e+00,2.757888317108154297e+00,2.812521457672119141e+00,2.869362831115722656e+00,2.928549051284790039e+00,2.990228652954101562e+00,3.054562091827392578e+00,3.121724605560302734e+00,3.191907167434692383e+00,3.265317916870117188e+00,3.342184543609619141e+00,3.422757625579833984e+00,3.507311582565307617e+00,3.596148967742919922e+00,3.689603567123413086e+00,3.751511096954345703e+00,3.750794649124145508e+00,3.750077724456787109e+00,3.749361515045166016e+00,3.748645782470703125e+00,3.747930049896240234e+00,3.747214794158935547e+00,3.746499776840209961e+00,3.745785474777221680e+00,3.745070457458496094e+00,3.744356393814086914e+00,3.743642330169677734e+00,3.742928743362426758e+00,3.742214918136596680e+00,3.741501808166503906e+00,3.740788936614990234e+00,3.740076303482055664e+00,3.739364147186279297e+00,3.738651752471923828e+00,3.737939834594726562e+00,3.737228393554687500e+00,3.736517190933227539e+00,3.735805749893188477e+00,3.735095024108886719e+00,3.734384775161743164e+00,3.733674526214599609e+00,3.732964277267456055e+00,3.732254743576049805e+00,3.731545209884643555e+00,3.730836153030395508e+00,3.730127334594726562e+00,3.729418516159057617e+00,3.728710174560546875e+00,3.728002309799194336e+00,3.727294445037841797e+00,3.726586580276489258e+00,3.725879430770874023e+00,3.725172519683837891e+00,3.724465847015380859e+00,3.723758935928344727e+00,3.723052978515625000e+00,3.722347021102905273e+00,3.721641540527343750e+00,3.720936298370361328e+00
1.932146668434143066e+00,1.958803892135620117e+00,1.986206889152526855e+00,2.014387369155883789e+00,2.043379306793212891e+00,2.073217868804931641e+00,2.103940725326538086e+00,2.135587930679321289e+00,2.168201684951782227e+00,2.201827049255371094e+00,2.236511707305908203e+00,2.272306680679321289e+00,2.309266090393066406e+00,2.347447633743286133e+00,2.386913061141967773e+00,2.427727937698364258e+00,2.469963073730468750e+00,2.513693809509277344e+00,2.559000968933105469e+00,2.605971097946166992e+00,2.654697895050048828e+00,2.705281734466552734e+00,2.757830619812011719e+00,2.812461376190185547e+00,2.869300603866577148e+00,2.928484201431274414e+00,2.990160942077636719e+00,3.054491519927978516e+00,3.070275783538818359e+00,3.069795608520507812e+00,3.069315671920776367e+00,3.068835973739624023e+00,3.068356513977050781e+00,3.067877054214477539e+00,3.067397356033325195e+00,3.066918134689331055e+00,3.066439151763916016e+00,3.065960407257080078e+00,3.065481901168823242e+00,3.065003156661987305e+00,3.064524888992309570e+00,3.064046621322631836e+00,3.063568592071533203e+00,3.063090562820434570e+00,3.062612771987915039e+00,3.062135219573974609e+00,3.061657667160034180e+00,3.061180353164672852e+00,3.060703277587890625e+00,3.060225963592529297e+00,3.059749126434326172e+00,3.059272289276123047e+00,3.058795690536499023e+00,3.058319091796875000e+00,3.057842731475830078e+00,3.057366609573364258e+00,3.056890487670898438e+00,3.056414365768432617e+00,3.055938720703125000e+00,3.055463075637817383e+00,3.054987668991088867e+00,3.054512262344360352e+00,3.054036855697631836e+00,3.053561925888061523e+00,3.053087234497070312e+00,3.052612543106079102e+00,3.052137613296508789e+00,3.051663160324096680e+00,3.051188945770263672e+00,3.050714969635009766e+00,3.050240755081176758e+00,3.049766778945922852e+00,3.049293279647827148e+00,3.048819780349731445e+00,3.048346281051635742e+00,3.047872781753540039e+00,3.047399759292602539e+00,3.046926975250244141e+00,3.046454191207885742e+00,3.045981168746948242e+00
1.932118415832519531e+00,1.958774805068969727e+00,1.986177086830139160e+00,2.014356851577758789e+00,2.043347835540771484e+00,2.073185443878173828e+00,2.103907346725463867e+00,2.135553359985351562e+00,2.168166160583496094e+00,2.201790332794189453e+00,2.236473798751831055e+00,2.272267580032348633e+00,2.309225559234619141e+00,2.347405910491943359e+00,2.386869907379150391e+00,2.427683353424072266e+00,2.469917058944702148e+00,2.513646125793457031e+00,2.558951377868652344e+00,2.598772048950195312e+00,2.598428010940551758e+00,2.598084211349487305e+00,2.597740411758422852e+00,2.597396850585937500e+00,2.597053289413452148e+00,2.596709728240966797e+00,2.596366405487060547e+00,2.596023082733154297e+00,2.595679998397827148e+00,2.595336675643920898e+00,2.594993591308593750e+00,2.594650506973266602e+00,2.594307661056518555e+00,2.593965053558349609e+00,2.593622446060180664e+00,2.593279838562011719e+00,2.592937231063842773e+00,2.592594861984252930e+00,2.592252731323242188e+00,2.591910362243652344e+00,2.591568231582641602e+00,2.591226339340209961e+00,2.590884208679199219e+00,2.590542554855346680e+00,2.590200662612915039e+00,2.589859008789062500e+00,2.589517593383789062e+00,2.589175939559936523e+00,2.588834524154663086e+00,2.588493347167968750e+00,2.588152170181274414e+00,2.587810993194580078e+00,2.587470054626464844e+00,2.587129116058349609e+00,2.586788177490234375e+00,2.586447477340698242e+00,2.586106777191162109e+00,2.585765838623046875e+00,2.585425376892089844e+00,2.585085153579711914e+00,2.584744691848754883e+00,2.584404230117797852e+00,2.584064245223999023e+00,2.583724021911621094e+00,2.583384275436401367e+00,2.583044290542602539e+00,2.582704305648803711e+00,2.582364559173583984e+00,2.582025051116943359e+00,2.581685543060302734e+00,2.581345796585083008e+00,2.581006526947021484e+00,2.580667257308959961e+00,2.580328226089477539e+00,2.579988956451416016e+00,2.579649925231933594e+00,2.579311132431030273e+00,2.578972101211547852e+00,2.578633546829223633e+00,2.578294754028320312e+00
1.932090163230895996e+00,1.958745718002319336e+00,1.986147165298461914e+00,2.014326095581054688e+00,2.043316125869750977e+00,2.073152780532836914e+00,2.103873968124389648e+00,2.135519027709960938e+00,2.168130636215209961e+00,2.201753616333007812e+00,2.236436128616333008e+00,2.252548933029174805e+00,2.252290487289428711e+00,2.252032279968261719e+00,2.251773834228515625e+00,2.251515626907348633e+00,2.251257419586181641e+00,2.250999450683593750e+00,2.250741481781005859e+00,2.250483512878417969e+00,2.250225543975830078e+00,2.249967575073242188e+00,2.249709844589233398e+00,2.249452114105224609e+00,2.249194383621215820e+00,2.248936653137207031e+00,2.248678922653198242e+00,2.248421430587768555e+00,2.248163938522338867e+00,2.247906684875488281e+00,2.247649431228637695e+00,2.247391939163208008e+00,2.247134923934936523e+00,2.246877670288085938e+00,2.246620655059814453e+00,2.246363639831542969e+00,2.246106624603271484e+00,2.245849609375000000e+00,2.245592832565307617e+00,2.245335817337036133e+00,2.245079278945922852e+00,2.244822502136230469e+00,2.244565963745117188e+00,2.244309186935424805e+00,2.244052886962890625e+00,2.243796348571777344e+00,2.243540048599243164e+00,2.243283510208129883e+00,2.243027210235595703e+00,2.242771148681640625e+00,2.242514848709106445e+00,2.242258787155151367e+00,2.242002725601196289e+00,2.241746902465820312e+00,2.241490840911865234e+00,2.241235017776489258e+00,2.240979194641113281e+00,2.240723371505737305e+00,2.240467786788940430e+00,2.240212202072143555e+00,2.239956617355346680e+00,2.239700794219970703e+00,2.239445447921752930e+00,2.239190101623535156e+00,2.238934755325317383e+00,2.238679170608520508e+00,2.238424062728881836e+00,2.238168954849243164e+00,2.237913846969604492e+00,2.237658500671386719e+00,2.237403631210327148e+00,2.237148523330688477e+00,2.236893653869628906e+00,2.236639022827148438e+00,2.236383914947509766e+00,2.236129283905029297e+00,2.235874652862548828e+00,2.235620021820068359e+00,2.235365390777587891e+00,2.235110759735107422e+00
1.932061910629272461e+00,1.958716750144958496e+00,1.986117362976074219e+00,1.987732052803039551e+00,1.987530708312988281e+00,1.987329602241516113e+00,1.987128376960754395e+00,1.986927390098571777e+00,1.986726284027099609e+00,1.986525416374206543e+00,1.986324310302734375e+00,1.986123442649841309e+00,1.985922455787658691e+00,1.985721707344055176e+00,1.985520839691162109e+00,1.985320210456848145e+00,1.985119342803955078e+00,1.984918832778930664e+00,1.984717965126037598e+00,1.984517574310302734e+00,1.984316825866699219e+00,1.984116196632385254e+00,1.983915805816650391e+00,1.983715295791625977e+00,1.983514904975891113e+00,1.983314514160156250e+00,1.983114242553710938e+00,1.982913851737976074e+00,1.982713699340820312e+00,1.982513427734375000e+00,1.982313394546508789e+00,1.982113122940063477e+00,1.981913208961486816e+00,1.981713056564331055e+00,1.981513142585754395e+00,1.981313109397888184e+00,1.981113314628601074e+00,1.980913281440734863e+00,1.980713605880737305e+00,1.980513691902160645e+00,1.980314016342163086e+00,1.980114221572875977e+00,1.979914665222167969e+00,1.979714870452880859e+00,1.979515314102172852e+00,1.979315638542175293e+00,1.979116320610046387e+00,1.978916645050048828e+00,1.978717327117919922e+00,1.978517889976501465e+00,1.978318572044372559e+00,1.978119134902954102e+00,1.977920055389404297e+00,1.977720618247985840e+00,1.977521538734436035e+00,1.977322340011596680e+00,1.977123022079467773e+00,1.976924061775207520e+00,1.976724982261657715e+00,1.976526141166687012e+00,1.976327300071716309e+00,1.976128220558166504e+00,1.975929498672485352e+00,1.975730538368225098e+00,1.975531578063964844e+00,1.975332975387573242e+00,1.975134134292602539e+00,1.974935531616210938e+00,1.974736809730529785e+00,1.974538087844848633e+00,1.974339604377746582e+00,1.974141001701354980e+00,1.973942637443542480e+00,1.973744034767150879e+00,1.973545551300048828e+00,1.973347306251525879e+00,1.973148941993713379e+00,1.972950816154479980e+00,1.972752451896667480e+00,1.972554087638854980e+00
1.777825236320495605e+00,1.777664184570312500e+00,1.777503371238708496e+00,1.777342319488525391e+00,1.777181625366210938e+00,1.777020573616027832e+00,1.776859879493713379e+00,1.776699066162109375e+00,1.776538372039794922e+00,1.776377558708190918e+00,1.776216983795166016e+00,1.776056170463562012e+00,1.775895595550537109e+00,1.775734901428222656e+00,1.775574445724487305e+00,1.775413751602172852e+00,1.775253176689147949e+00,1.775092720985412598e+00,1.774932146072387695e+00,1.774771809577941895e+00,1.774611353874206543e+00,1.774451017379760742e+00,1.774290561676025391e+00,1.774130344390869141e+00,1.773970007896423340e+00,1.773809790611267090e+00,1.773649454116821289e+00,1.773489356040954590e+00,1.773329019546508789e+00,1.773169040679931641e+00,1.773008823394775391e+00,1.772848725318908691e+00,1.772688627243041992e+00,1.772528648376464844e+00,1.772368550300598145e+00,1.772208690643310547e+00,1.772048592567443848e+00,1.771888852119445801e+00,1.771728873252868652e+00,1.771569013595581055e+00,1.771409153938293457e+00,1.771249413490295410e+00,1.771089553833007812e+00,1.770929932594299316e+00,1.770770072937011719e+00,1.770610451698303223e+00,1.770450711250305176e+00,1.770291209220886230e+00,1.770131468772888184e+00,1.769971966743469238e+00,1.769812345504760742e+00,1.769652962684631348e+00,1.769493341445922852e+00,1.769333720207214355e+00,1.769174456596374512e+00,1.769014954566955566e+00,1.768855690956115723e+00,1.768696188926696777e+00,1.768537044525146484e+00,1.768377661705017090e+00,1.768218398094177246e+00,1.768059134483337402e+00,1.767899990081787109e+00,1.767740726470947266e+00,1.767581701278686523e+00,1.767422676086425781e+00,1.767263531684875488e+00,1.767104506492614746e+00,1.766945362091064453e+00,1.766786336898803711e+00,1.766627430915832520e+00,1.766468405723571777e+00,1.766309618949890137e+00,1.766150593757629395e+00,1.765991687774658203e+00,1.765832901000976562e+00,1.765673995018005371e+00,1.765515208244323730e+00,1.765356540679931641e+00,1.765197753906250000e+00
1.607621788978576660e+00,1.607490181922912598e+00,1.607358574867248535e+00,1.607227087020874023e+00,1.607095360755920410e+00,1.606963992118835449e+00,1.606832385063171387e+00,1.606700897216796875e+00,1.606569409370422363e+00,1.606438040733337402e+00,1.606306552886962891e+00,1.606175184249877930e+00,1.606043696403503418e+00,1.605912327766418457e+00,1.605781078338623047e+00,1.605649590492248535e+00,1.605518460273742676e+00,1.605387091636657715e+00,1.605255842208862305e+00,1.605124592781066895e+00,1.604993462562561035e+00,1.604862213134765625e+00,1.604731082916259766e+00,1.604599833488464355e+00,1.604468822479248047e+00,1.604337573051452637e+00,1.604206562042236328e+00,1.604075431823730469e+00,1.603944540023803711e+00,1.603813409805297852e+00,1.603682518005371094e+00,1.603551387786865234e+00,1.603420615196228027e+00,1.603289484977722168e+00,1.603158712387084961e+00,1.603027701377868652e+00,1.602896928787231445e+00,1.602766036987304688e+00,1.602635264396667480e+00,1.602504372596740723e+00,1.602373719215393066e+00,1.602242827415466309e+00,1.602112174034118652e+00,1.601981401443481445e+00,1.601850748062133789e+00,1.601719975471496582e+00,1.601589441299438477e+00,1.601458668708801270e+00,1.601328015327453613e+00,1.601197481155395508e+00,1.601066827774047852e+00,1.600936412811279297e+00,1.600805759429931641e+00,1.600675344467163086e+00,1.600544810295104980e+00,1.600414395332336426e+00,1.600283861160278320e+00,1.600153565406799316e+00,1.600023150444030762e+00,1.599892735481262207e+00,1.599762320518493652e+00,1.599632024765014648e+00,1.599501609802246094e+00,1.599371433258056641e+00,1.599241137504577637e+00,1.599110960960388184e+00,1.598980665206909180e+00,1.598850488662719727e+00,1.598720192909240723e+00,1.598590135574340820e+00,1.598460078239440918e+00,1.598329901695251465e+00,1.598199725151062012e+00,1.598069667816162109e+00,1.597939491271972656e+00,1.597809553146362305e+00,1.597679495811462402e+00,1.597549438476562500e+00,1.597419500350952148e+00,1.597289443016052246e+00
1.467160463333129883e+00,1.467050790786743164e+00,1.466941237449645996e+00,1.466831564903259277e+00,1.466722011566162109e+00,1.466612458229064941e+00,1.466503024101257324e+00,1.466393351554870605e+00,1.466283798217773438e+00,1.466174364089965820e+00,1.466064810752868652e+00,1.465955376625061035e+00,1.465845942497253418e+00,1.465736508369445801e+00,1.465627074241638184e+00,1.465517759323120117e+00,1.465408325195312500e+00,1.465299010276794434e+00,1.465189576148986816e+00,1.465080261230468750e+00,1.464970946311950684e+00,1.464861631393432617e+00,1.464752316474914551e+00,1.464643120765686035e+00,1.464533805847167969e+00,1.464424610137939453e+00,1.464315295219421387e+00,1.464206218719482422e+00,1.464097023010253906e+00,1.463987827301025391e+00,1.463878631591796875e+00,1.463769555091857910e+00,1.463660359382629395e+00,1.463551402091979980e+00,1.463442206382751465e+00,1.463333129882812500e+00,1.463224053382873535e+00,1.463115096092224121e+00,1.463006019592285156e+00,1.462897062301635742e+00,1.462787985801696777e+00,1.462679147720336914e+00,1.462570071220397949e+00,1.462461233139038086e+00,1.462352156639099121e+00,1.462243199348449707e+00,1.462134361267089844e+00,1.462025523185729980e+00,1.461916685104370117e+00,1.461807727813720703e+00,1.461699008941650391e+00,1.461590170860290527e+00,1.461481451988220215e+00,1.461372613906860352e+00,1.461263895034790039e+00,1.461155056953430176e+00,1.461046338081359863e+00,1.460937619209289551e+00,1.460829019546508789e+00,1.460720300674438477e+00,1.460611581802368164e+00,1.460502982139587402e+00,1.460394382476806641e+00,1.460285663604736328e+00,1.460177183151245117e+00,1.460068464279174805e+00,1.459959983825683594e+00,1.459851384162902832e+00,1.459742903709411621e+00,1.459634304046630859e+00,1.459525823593139648e+00,1.459417343139648438e+00,1.459308862686157227e+00,1.459200501441955566e+00,1.459092020988464355e+00,1.458983659744262695e+00,1.458875179290771484e+00,1.458766698837280273e+00,1.458658456802368164e+00,1.458549976348876953e+00
1.349271655082702637e+00,1.349178910255432129e+00,1.349086165428161621e+00,1.348993539810180664e+00,1.348900794982910156e+00,1.348808169364929199e+00,1.348715543746948242e+00,1.348622798919677734e+00,1.348530292510986328e+00,1.348437547683715820e+00,1.348345041275024414e+00,1.348252415657043457e+00,1.348159909248352051e+00,1.348067283630371094e+00,1.347974777221679688e+00,1.347882151603698730e+00,1.347789645195007324e+00,1.347697138786315918e+00,1.347604632377624512e+00,1.347512125968933105e+00,1.347419738769531250e+00,1.347327232360839844e+00,1.347234845161437988e+00,1.347142338752746582e+00,1.347049951553344727e+00,1.346957564353942871e+00,1.346865177154541016e+00,1.346772670745849609e+00,1.346680402755737305e+00,1.346588015556335449e+00,1.346495747566223145e+00,1.346403360366821289e+00,1.346311092376708984e+00,1.346218705177307129e+00,1.346126437187194824e+00,1.346034049987792969e+00,1.345941901206970215e+00,1.345849514007568359e+00,1.345757246017456055e+00,1.345665097236633301e+00,1.345572829246520996e+00,1.345480680465698242e+00,1.345388412475585938e+00,1.345296263694763184e+00,1.345203995704650879e+00,1.345111966133117676e+00,1.345019698143005371e+00,1.344927668571472168e+00,1.344835519790649414e+00,1.344743371009826660e+00,1.344651222229003906e+00,1.344559192657470703e+00,1.344467163085937500e+00,1.344375133514404297e+00,1.344282984733581543e+00,1.344191074371337891e+00,1.344098925590515137e+00,1.344007015228271484e+00,1.343914985656738281e+00,1.343822956085205078e+00,1.343730926513671875e+00,1.343639135360717773e+00,1.343547105789184570e+00,1.343455195426940918e+00,1.343363165855407715e+00,1.343271374702453613e+00,1.343179464340209961e+00,1.343087553977966309e+00,1.342995643615722656e+00,1.342903852462768555e+00,1.342811942100524902e+00,1.342720150947570801e+00,1.342628359794616699e+00,1.342536568641662598e+00,1.342444658279418945e+00,1.342352867126464844e+00,1.342261195182800293e+00,1.342169404029846191e+00,1.342077732086181641e+00,1.341985940933227539e+00
1.248918890953063965e+00,1.248839497566223145e+00,1.248760104179382324e+00,1.248680710792541504e+00,1.248601198196411133e+00,1.248521924018859863e+00,1.248442411422729492e+00,1.248363137245178223e+00,1.248283743858337402e+00,1.248204350471496582e+00,1.248124957084655762e+00,1.248045682907104492e+00,1.247966289520263672e+00,1.247887015342712402e+00,1.247807741165161133e+00,1.247728466987609863e+00,1.247649073600769043e+00,1.247569918632507324e+00,1.247490525245666504e+00,1.247411370277404785e+00,1.247332096099853516e+00,1.247252821922302246e+00,1.247173547744750977e+00,1.247094392776489258e+00,1.247015118598937988e+00,1.246935963630676270e+00,1.246856808662414551e+00,1.246777653694152832e+00,1.246698379516601562e+00,1.246619343757629395e+00,1.246540069580078125e+00,1.246461033821105957e+00,1.246381878852844238e+00,1.246302843093872070e+00,1.246223688125610352e+00,1.246144533157348633e+00,1.246065497398376465e+00,1.245986342430114746e+00,1.245907306671142578e+00,1.245828151702880859e+00,1.245749235153198242e+00,1.245670080184936523e+00,1.245591163635253906e+00,1.245512127876281738e+00,1.245433092117309570e+00,1.245354056358337402e+00,1.245275139808654785e+00,1.245196104049682617e+00,1.245117187500000000e+00,1.245038151741027832e+00,1.244959354400634766e+00,1.244880318641662598e+00,1.244801402091979980e+00,1.244722485542297363e+00,1.244643568992614746e+00,1.244564652442932129e+00,1.244485855102539062e+00,1.244406938552856445e+00,1.244328141212463379e+00,1.244249224662780762e+00,1.244170427322387695e+00,1.244091510772705078e+00,1.244012713432312012e+00,1.243933916091918945e+00,1.243855118751525879e+00,1.243776321411132812e+00,1.243697524070739746e+00,1.243618726730346680e+00,1.243539929389953613e+00,1.243461132049560547e+00,1.243382334709167480e+00,1.243303656578063965e+00,1.243224978446960449e+00,1.243146300315856934e+00,1.243067502975463867e+00,1.242988824844360352e+00,1.242910146713256836e+00,1.242831468582153320e+00,1.242752790451049805e+00,1.242674231529235840e+00
1.162460446357727051e+00,1.162391543388366699e+00,1.162322878837585449e+00,1.162253975868225098e+00,1.162185192108154297e+00,1.162116408348083496e+00,1.162047624588012695e+00,1.161978840827941895e+00,1.161910057067871094e+00,1.161841273307800293e+00,1.161772608757019043e+00,1.161703824996948242e+00,1.161635160446166992e+00,1.161566376686096191e+00,1.161497712135314941e+00,1.161428928375244141e+00,1.161360263824462891e+00,1.161291599273681641e+00,1.161222934722900391e+00,1.161154150962829590e+00,1.161085605621337891e+00,1.161016821861267090e+00,1.160948276519775391e+00,1.160879611968994141e+00,1.160810947418212891e+00,1.160742282867431641e+00,1.160673737525939941e+00,1.160605072975158691e+00,1.160536527633666992e+00,1.160467863082885742e+00,1.160399317741394043e+00,1.160330772399902344e+00,1.160262107849121094e+00,1.160193562507629395e+00,1.160125017166137695e+00,1.160056471824645996e+00,1.159987926483154297e+00,1.159919381141662598e+00,1.159850835800170898e+00,1.159782409667968750e+00,1.159713864326477051e+00,1.159645438194274902e+00,1.159576892852783203e+00,1.159508466720581055e+00,1.159439921379089355e+00,1.159371495246887207e+00,1.159302949905395508e+00,1.159234523773193359e+00,1.159166097640991211e+00,1.159097671508789062e+00,1.159029245376586914e+00,1.158960819244384766e+00,1.158892393112182617e+00,1.158824086189270020e+00,1.158755660057067871e+00,1.158687233924865723e+00,1.158618807792663574e+00,1.158550500869750977e+00,1.158482074737548828e+00,1.158413767814636230e+00,1.158345460891723633e+00,1.158277153968811035e+00,1.158208727836608887e+00,1.158140540122985840e+00,1.158072113990783691e+00,1.158003926277160645e+00,1.157935619354248047e+00,1.157867193222045898e+00,1.157799005508422852e+00,1.157730698585510254e+00,1.157662510871887207e+00,1.157594203948974609e+00,1.157526016235351562e+00,1.157457709312438965e+00,1.157389521598815918e+00,1.157321214675903320e+00,1.157253026962280273e+00,1.157184839248657227e+00,1.157116651535034180e+00,1.157048463821411133e+00
1.087197303771972656e+00,1.087137222290039062e+00,1.087076902389526367e+00,1.087016820907592773e+00,1.086956620216369629e+00,1.086896419525146484e+00,1.086836218833923340e+00,1.086776137351989746e+00,1.086715936660766602e+00,1.086655855178833008e+00,1.086595654487609863e+00,1.086535573005676270e+00,1.086475372314453125e+00,1.086415290832519531e+00,1.086355209350585938e+00,1.086295127868652344e+00,1.086234927177429199e+00,1.086174845695495605e+00,1.086114764213562012e+00,1.086054682731628418e+00,1.085994601249694824e+00,1.085934638977050781e+00,1.085874557495117188e+00,1.085814476013183594e+00,1.085754394531250000e+00,1.085694432258605957e+00,1.085634350776672363e+00,1.085574269294738770e+00,1.085514307022094727e+00,1.085454225540161133e+00,1.085394263267517090e+00,1.085334300994873047e+00,1.085274338722229004e+00,1.085214257240295410e+00,1.085154294967651367e+00,1.085094332695007324e+00,1.085034370422363281e+00,1.084974408149719238e+00,1.084914445877075195e+00,1.084854483604431152e+00,1.084794640541076660e+00,1.084734678268432617e+00,1.084674715995788574e+00,1.084614753723144531e+00,1.084554910659790039e+00,1.084494948387145996e+00,1.084435105323791504e+00,1.084375143051147461e+00,1.084315299987792969e+00,1.084255456924438477e+00,1.084195613861083984e+00,1.084135651588439941e+00,1.084075808525085449e+00,1.084015965461730957e+00,1.083956122398376465e+00,1.083896279335021973e+00,1.083836436271667480e+00,1.083776593208312988e+00,1.083716869354248047e+00,1.083657026290893555e+00,1.083597183227539062e+00,1.083537340164184570e+00,1.083477497100830078e+00,1.083417773246765137e+00,1.083357930183410645e+00,1.083298206329345703e+00,1.083238482475280762e+00,1.083178758621215820e+00,1.083118915557861328e+00,1.083059191703796387e+00,1.082999467849731445e+00,1.082939743995666504e+00,1.082880020141601562e+00,1.082820296287536621e+00,1.082760572433471680e+00,1.082700848579406738e+00,1.082641124725341797e+00,1.082581520080566406e+00,1.082521796226501465e+00,1.082462072372436523e+00
1.021087408065795898e+00,1.021034359931945801e+00,1.020981192588806152e+00,1.020928144454956055e+00,1.020875096321105957e+00,1.020821928977966309e+00,1.020768880844116211e+00,1.020715832710266113e+00,1.020662784576416016e+00,1.020609736442565918e+00,1.020556688308715820e+00,1.020503640174865723e+00,1.020450592041015625e+00,1.020397543907165527e+00,1.020344495773315430e+00,1.020291447639465332e+00,1.020238518714904785e+00,1.020185470581054688e+00,1.020132422447204590e+00,1.020079493522644043e+00,1.020026445388793945e+00,1.019973516464233398e+00,1.019920468330383301e+00,1.019867539405822754e+00,1.019814491271972656e+00,1.019761562347412109e+00,1.019708514213562012e+00,1.019655704498291016e+00,1.019602656364440918e+00,1.019549727439880371e+00,1.019496798515319824e+00,1.019443869590759277e+00,1.019390940666198730e+00,1.019338011741638184e+00,1.019285082817077637e+00,1.019232153892517090e+00,1.019179224967956543e+00,1.019126415252685547e+00,1.019073486328125000e+00,1.019020557403564453e+00,1.018967628479003906e+00,1.018914818763732910e+00,1.018861889839172363e+00,1.018809080123901367e+00,1.018756151199340820e+00,1.018703341484069824e+00,1.018650531768798828e+00,1.018597722053527832e+00,1.018544793128967285e+00,1.018491983413696289e+00,1.018439173698425293e+00,1.018386363983154297e+00,1.018333435058593750e+00,1.018280744552612305e+00,1.018227815628051758e+00,1.018175125122070312e+00,1.018122315406799316e+00,1.018069386482238770e+00,1.018016695976257324e+00,1.017963886260986328e+00,1.017911076545715332e+00,1.017858386039733887e+00,1.017805576324462891e+00,1.017752766609191895e+00,1.017700076103210449e+00,1.017647266387939453e+00,1.017594575881958008e+00,1.017541766166687012e+00,1.017489075660705566e+00,1.017436385154724121e+00,1.017383694648742676e+00,1.017330884933471680e+00,1.017278194427490234e+00,1.017225503921508789e+00,1.017172813415527344e+00,1.017120122909545898e+00,1.017067432403564453e+00,1.017014741897583008e+00,1.016962051391601562e+00,1.016909360885620117e+00
9.625566601753234863e-01,9.625095129013061523e-01,9.624622464179992676e-01,9.624150991439819336e-01,9.623678922653198242e-01,9.623208045959472656e-01,9.622735381126403809e-01,9.622263908386230469e-01,9.621793031692504883e-01,9.621321558952331543e-01,9.620849490165710449e-01,9.620378017425537109e-01,9.619907140731811523e-01,9.619436264038085938e-01,9.618964195251464844e-01,9.618493318557739258e-01,9.618022441864013672e-01,9.617550373077392578e-01,9.617079496383666992e-01,9.616608619689941406e-01,9.616137742996215820e-01,9.615666270256042480e-01,9.615195393562316895e-01,9.614725112915039062e-01,9.614254236221313477e-01,9.613782763481140137e-01,9.613312482833862305e-01,9.612842202186584473e-01,9.612371921539306641e-01,9.611900448799133301e-01,9.611430168151855469e-01,9.610959887504577637e-01,9.610489606857299805e-01,9.610018730163574219e-01,9.609548449516296387e-01,9.609078168869018555e-01,9.608608484268188477e-01,9.608137607574462891e-01,9.607667326927185059e-01,9.607197642326354980e-01,9.606727957725524902e-01,9.606257081031799316e-01,9.605787396430969238e-01,9.605317711830139160e-01,9.604848027229309082e-01,9.604377150535583496e-01,9.603908061981201172e-01,9.603438377380371094e-01,9.602968692779541016e-01,9.602498412132263184e-01,9.602029323577880859e-01,9.601559638977050781e-01,9.601089358329772949e-01,9.600620269775390625e-01,9.600151181221008301e-01,9.599682092666625977e-01,9.599211812019348145e-01,9.598742723464965820e-01,9.598273634910583496e-01,9.597805142402648926e-01,9.597334861755371094e-01,9.596866369247436523e-01,9.596397280693054199e-01,9.595928788185119629e-01,9.595458507537841797e-01,9.594990015029907227e-01,9.594521522521972656e-01,9.594053030014038086e-01,9.593583345413208008e-01,9.593114852905273438e-01,9.592646360397338867e-01,9.592177867889404297e-01,9.591708779335021973e-01,9.591240286827087402e-01,9.590771794319152832e-01,9.590303897857666016e-01,9.589834809303283691e-01,9.589366316795349121e-01,9.588898420333862305e-01,9.588430523872375488e-01
9.103722572326660156e-01,9.103299975395202637e-01,9.102877974510192871e-01,9.102456569671630859e-01,9.102034568786621094e-01,9.101611971855163574e-01,9.101189970970153809e-01,9.100768566131591797e-01,9.100347161293029785e-01,9.099924564361572266e-01,9.099503159523010254e-01,9.099081754684448242e-01,9.098659157752990723e-01,9.098237752914428711e-01,9.097816348075866699e-01,9.097394943237304688e-01,9.096972942352294922e-01,9.096551537513732910e-01,9.096130728721618652e-01,9.095709323883056641e-01,9.095287322998046875e-01,9.094865918159484863e-01,9.094445109367370605e-01,9.094024300575256348e-01,9.093602299690246582e-01,9.093181490898132324e-01,9.092760682106018066e-01,9.092339873313903809e-01,9.091917872428894043e-01,9.091497063636779785e-01,9.091076254844665527e-01,9.090655446052551270e-01,9.090234041213989258e-01,9.089813232421875000e-01,9.089393019676208496e-01,9.088972210884094238e-01,9.088550806045532227e-01,9.088130593299865723e-01,9.087709784507751465e-01,9.087289571762084961e-01,9.086868166923522949e-01,9.086447954177856445e-01,9.086027741432189941e-01,9.085607528686523438e-01,9.085186719894409180e-01,9.084766507148742676e-01,9.084346294403076172e-01,9.083926081657409668e-01,9.083505272865295410e-01,9.083085060119628906e-01,9.082665443420410156e-01,9.082244634628295898e-01,9.081824421882629395e-01,9.081404805183410645e-01,9.080985188484191895e-01,9.080564379692077637e-01,9.080144762992858887e-01,9.079725146293640137e-01,9.079305529594421387e-01,9.078884720802307129e-01,9.078465104103088379e-01,9.078045487403869629e-01,9.077626466751098633e-01,9.077205657958984375e-01,9.076786637306213379e-01,9.076367020606994629e-01,9.075947999954223633e-01,9.075527787208557129e-01,9.075108170509338379e-01,9.074689149856567383e-01,9.074270129203796387e-01,9.073849916458129883e-01,9.073430895805358887e-01,9.073011875152587891e-01,9.072592854499816895e-01,9.072172641754150391e-01,9.071753621101379395e-01,9.071335196495056152e-01,9.070916175842285156e-01,9.070496559143066406e-01
8.635551333427429199e-01,8.635171651840209961e-01,8.634791970252990723e-01,8.634412288665771484e-01,8.634032011032104492e-01,8.633652329444885254e-01,8.633273243904113770e-01,8.632893562316894531e-01,8.632513880729675293e-01,8.632134199142456055e-01,8.631755113601684570e-01,8.631374835968017578e-01,8.630995750427246094e-01,8.630616664886474609e-01,8.630237579345703125e-01,8.629857301712036133e-01,8.629478216171264648e-01,8.629099130630493164e-01,8.628720045089721680e-01,8.628340363502502441e-01,8.627961277961730957e-01,8.627582788467407227e-01,8.627203702926635742e-01,8.626824021339416504e-01,8.626444935798645020e-01,8.626066446304321289e-01,8.625687360763549805e-01,8.625308275222778320e-01,8.624929189682006836e-01,8.624550700187683105e-01,8.624172210693359375e-01,8.623792529106140137e-01,8.623414039611816406e-01,8.623035550117492676e-01,8.622657060623168945e-01,8.622277975082397461e-01,8.621899485588073730e-01,8.621520996093750000e-01,8.621142506599426270e-01,8.620763421058654785e-01,8.620384931564331055e-01,8.620007038116455078e-01,8.619628548622131348e-01,8.619249463081359863e-01,8.618871569633483887e-01,8.618493080139160156e-01,8.618114590644836426e-01,8.617736101150512695e-01,8.617358207702636719e-01,8.616980314254760742e-01,8.616601228713989258e-01,8.616223335266113281e-01,8.615845441818237305e-01,8.615467548370361328e-01,8.615089058876037598e-01,8.614711165428161621e-01,8.614333868026733398e-01,8.613955974578857422e-01,8.613577485084533691e-01,8.613199591636657715e-01,8.612822294235229492e-01,8.612444400787353516e-01,8.612065911293029785e-01,8.611688613891601562e-01,8.611311316490173340e-01,8.610933423042297363e-01,8.610555529594421387e-01,8.610178232192993164e-01,8.609800338745117188e-01,8.609423041343688965e-01,8.609045147895812988e-01,8.608667850494384766e-01,8.608290553092956543e-01,8.607913255691528320e-01,8.607535362243652344e-01,8.607158064842224121e-01,8.606781363487243652e-01,8.606404066085815430e-01,8.606026172637939453e-01,8.605649471282958984e-01
8.213177919387817383e-01,8.212834596633911133e-01,8.212491273880004883e-01,8.212146759033203125e-01,8.211803436279296875e-01,8.211460709571838379e-01,8.211116194725036621e-01,8.210773468017578125e-01,8.210430145263671875e-01,8.210086822509765625e-01,8.209742903709411621e-01,8.209400177001953125e-01,8.209056854248046875e-01,8.208714127540588379e-01,8.208370208740234375e-01,8.208027482032775879e-01,8.207684159278869629e-01,8.207341432571411133e-01,8.206998109817504883e-01,8.206654787063598633e-01,8.206312060356140137e-01,8.205969333648681641e-01,8.205626010894775391e-01,8.205283284187316895e-01,8.204940557479858398e-01,8.204597830772399902e-01,8.204254508018493652e-01,8.203911781311035156e-01,8.203569054603576660e-01,8.203226923942565918e-01,8.202883601188659668e-01,8.202540874481201172e-01,8.202198147773742676e-01,8.201856017112731934e-01,8.201512694358825684e-01,8.201170563697814941e-01,8.200827836990356445e-01,8.200485706329345703e-01,8.200142383575439453e-01,8.199800252914428711e-01,8.199458122253417969e-01,8.199115395545959473e-01,8.198772668838500977e-01,8.198430538177490234e-01,8.198088407516479492e-01,8.197745680809020996e-01,8.197403550148010254e-01,8.197061419486999512e-01,8.196719884872436523e-01,8.196377158164978027e-01,8.196035027503967285e-01,8.195692896842956543e-01,8.195351362228393555e-01,8.195008635520935059e-01,8.194666504859924316e-01,8.194324970245361328e-01,8.193982839584350586e-01,8.193640708923339844e-01,8.193298578262329102e-01,8.192957043647766113e-01,8.192615509033203125e-01,8.192272782325744629e-01,8.191931247711181641e-01,8.191589713096618652e-01,8.191248178482055664e-01,8.190906047821044922e-01,8.190564513206481934e-01,8.190222978591918945e-01,8.189881443977355957e-01,8.189539313316345215e-01,8.189197778701782227e-01,8.188856244087219238e-01,8.188515305519104004e-01,8.188173174858093262e-01,8.187831640243530273e-01,8.187490701675415039e-01,8.187148571014404297e-01,8.186807632446289062e-01,8.186466097831726074e-01,8.186125159263610840e-01
7.830195426940917969e-01,7.829882502555847168e-01,7.829570770263671875e-01,7.829258441925048828e-01,7.828946709632873535e-01,7.828633785247802734e-01,7.828322052955627441e-01,7.828009724617004395e-01,7.827697992324829102e-01,7.827385663986206055e-01,7.827073335647583008e-01,7.826761603355407715e-01,7.826449871063232422e-01,7.826137542724609375e-01,7.825825810432434082e-01,7.825514078140258789e-01,7.825202345848083496e-01,7.824890017509460449e-01,7.824578285217285156e-01,7.824266552925109863e-01,7.823954820632934570e-01,7.823642492294311523e-01,7.823330760002136230e-01,7.823019623756408691e-01,7.822707891464233398e-01,7.822395563125610352e-01,7.822084426879882812e-01,7.821772694587707520e-01,7.821461558341979980e-01,7.821149230003356934e-01,7.820838093757629395e-01,7.820526361465454102e-01,7.820215225219726562e-01,7.819902896881103516e-01,7.819591760635375977e-01,7.819280624389648438e-01,7.818968892097473145e-01,7.818657755851745605e-01,7.818346619606018066e-01,7.818035483360290527e-01,7.817723155021667480e-01,7.817412018775939941e-01,7.817101478576660156e-01,7.816790342330932617e-01,7.816478610038757324e-01,7.816167473793029785e-01,7.815856337547302246e-01,7.815545797348022461e-01,7.815234065055847168e-01,7.814922928810119629e-01,7.814612388610839844e-01,7.814301252365112305e-01,7.813989520072937012e-01,7.813678979873657227e-01,7.813368439674377441e-01,7.813057303428649902e-01,7.812746167182922363e-01,7.812435030937194824e-01,7.812124490737915039e-01,7.811813950538635254e-01,7.811502814292907715e-01,7.811192274093627930e-01,7.810881733894348145e-01,7.810571193695068359e-01,7.810259461402893066e-01,7.809949517250061035e-01,7.809638977050781250e-01,7.809328436851501465e-01,7.809017300605773926e-01,7.808706760406494141e-01,7.808396220207214355e-01,7.808085083961486816e-01,7.807775139808654785e-01,7.807464599609375000e-01,7.807154655456542969e-01,7.806843519210815430e-01,7.806532979011535645e-01,7.806223034858703613e-01,7.805913090705871582e-01,7.805601954460144043e-01
7.481337785720825195e-01,7.481052875518798828e-01,7.480767965316772461e-01,7.480483651161193848e-01,7.480198144912719727e-01,7.479913234710693359e-01,7.479628324508666992e-01,7.479343414306640625e-01,7.479057908058166504e-01,7.478773593902587891e-01,7.478488683700561523e-01,7.478204369544982910e-01,7.477918863296508789e-01,7.477633953094482422e-01,7.477349638938903809e-01,7.477064728736877441e-01,7.476779818534851074e-01,7.476494908332824707e-01,7.476210594177246094e-01,7.475926280021667480e-01,7.475640773773193359e-01,7.475356459617614746e-01,7.475072145462036133e-01,7.474787831306457520e-01,7.474502325057983398e-01,7.474218010902404785e-01,7.473933696746826172e-01,7.473649382591247559e-01,7.473364472389221191e-01,7.473080158233642578e-01,7.472795844078063965e-01,7.472510933876037598e-01,7.472226619720458984e-01,7.471942901611328125e-01,7.471658587455749512e-01,7.471373677253723145e-01,7.471089363098144531e-01,7.470805644989013672e-01,7.470521330833435059e-01,7.470236420631408691e-01,7.469952702522277832e-01,7.469668388366699219e-01,7.469384670257568359e-01,7.469099760055541992e-01,7.468816041946411133e-01,7.468531727790832520e-01,7.468248009681701660e-01,7.467963695526123047e-01,7.467679381370544434e-01,7.467395663261413574e-01,7.467111945152282715e-01,7.466827630996704102e-01,7.466543912887573242e-01,7.466259598731994629e-01,7.465975880622863770e-01,7.465691566467285156e-01,7.465407848358154297e-01,7.465124130249023438e-01,7.464840412139892578e-01,7.464556097984313965e-01,7.464272975921630859e-01,7.463989257812500000e-01,7.463705539703369141e-01,7.463421225547790527e-01,7.463138103485107422e-01,7.462854385375976562e-01,7.462570071220397949e-01,7.462286949157714844e-01,7.462003231048583984e-01,7.461720108985900879e-01,7.461435794830322266e-01,7.461152672767639160e-01,7.460868954658508301e-01,7.460585832595825195e-01,7.460301518440246582e-01,7.460018396377563477e-01,7.459735274314880371e-01,7.459452152252197266e-01,7.459167838096618652e-01,7.458884716033935547e-01
7.162240743637084961e-01,7.161979675292968750e-01,7.161718606948852539e-01,7.161456346511840820e-01,7.161195874214172363e-01,7.160934805870056152e-01,7.160673737525939941e-01,7.160412073135375977e-01,7.160151004791259766e-01,7.159889936447143555e-01,7.159628868103027344e-01,7.159367799758911133e-01,7.159106731414794922e-01,7.158845663070678711e-01,7.158585190773010254e-01,7.158323526382446289e-01,7.158062458038330078e-01,7.157801985740661621e-01,7.157540917396545410e-01,7.157279849052429199e-01,7.157018780708312988e-01,7.156758308410644531e-01,7.156497240066528320e-01,7.156236171722412109e-01,7.155975699424743652e-01,7.155714631080627441e-01,7.155453562736511230e-01,7.155193090438842773e-01,7.154932618141174316e-01,7.154672145843505859e-01,7.154410481452941895e-01,7.154150009155273438e-01,7.153889536857604980e-01,7.153629064559936523e-01,7.153367996215820312e-01,7.153107523918151855e-01,7.152847051620483398e-01,7.152586579322814941e-01,7.152325510978698730e-01,7.152065634727478027e-01,7.151805162429809570e-01,7.151544690132141113e-01,7.151283621788024902e-01,7.151023149490356445e-01,7.150763273239135742e-01,7.150502800941467285e-01,7.150241732597351074e-01,7.149981856346130371e-01,7.149721384048461914e-01,7.149461507797241211e-01,7.149200439453125000e-01,7.148940563201904297e-01,7.148680090904235840e-01,7.148420214653015137e-01,7.148159742355346680e-01,7.147899270057678223e-01,7.147639393806457520e-01,7.147379517555236816e-01,7.147118449211120605e-01,7.146858572959899902e-01,7.146598696708679199e-01,7.146338224411010742e-01,7.146078348159790039e-01,7.145818471908569336e-01,7.145557999610900879e-01,7.145297527313232422e-01,7.145037651062011719e-01,7.144777774810791016e-01,7.144518494606018066e-01,7.144258022308349609e-01,7.143998146057128906e-01,7.143738269805908203e-01,7.143478393554687500e-01,7.143217921257019043e-01,7.142958641052246094e-01,7.142698764801025391e-01,7.142438888549804688e-01,7.142178416252136230e-01,7.141919136047363281e-01,7.141659259796142578e-01
6.869249939918518066e-01,6.869009733200073242e-01,6.868769526481628418e-01,6.868529319763183594e-01,6.868289113044738770e-01,6.868048906326293945e-01,6.867808103561401367e-01,6.867567896842956543e-01,6.867328286170959473e-01,6.867088079452514648e-01,6.866847276687622070e-01,6.866607666015625000e-01,6.866367459297180176e-01,6.866127252578735352e-01,6.865887045860290527e-01,6.865646839141845703e-01,6.865407228469848633e-01,6.865167021751403809e-01,6.864926815032958984e-01,6.864686608314514160e-01,6.864446997642517090e-01,6.864206790924072266e-01,6.863966584205627441e-01,6.863726973533630371e-01,6.863486766815185547e-01,6.863246560096740723e-01,6.863006949424743652e-01,6.862767338752746582e-01,6.862527728080749512e-01,6.862286925315856934e-01,6.862047314643859863e-01,6.861807703971862793e-01,6.861568093299865723e-01,6.861327886581420898e-01,6.861088275909423828e-01,6.860848665237426758e-01,6.860609054565429688e-01,6.860368847846984863e-01,6.860129237174987793e-01,6.859889626502990723e-01,6.859650611877441406e-01,6.859410405158996582e-01,6.859170794486999512e-01,6.858931183815002441e-01,6.858691573143005371e-01,6.858451962471008301e-01,6.858212351799011230e-01,6.857972741127014160e-01,6.857733726501464844e-01,6.857493519783020020e-01,6.857254505157470703e-01,6.857014894485473633e-01,6.856775879859924316e-01,6.856535673141479492e-01,6.856296658515930176e-01,6.856057047843933105e-01,6.855817437171936035e-01,6.855577826499938965e-01,6.855338811874389648e-01,6.855099797248840332e-01,6.854860186576843262e-01,6.854620575904846191e-01,6.854381561279296875e-01,6.854142546653747559e-01,6.853902935981750488e-01,6.853663921356201172e-01,6.853424310684204102e-01,6.853185296058654785e-01,6.852945685386657715e-01,6.852706670761108398e-01,6.852467656135559082e-01,6.852228641510009766e-01,6.851989030838012695e-01,6.851750016212463379e-01,6.851511001586914062e-01,6.851272583007812500e-01,6.851032972335815430e-01,6.850793957710266113e-01,6.850554943084716797e-01,6.850315928459167480e-01
6.599288582801818848e-01,6.599066853523254395e-01,6.598845124244689941e-01,6.598623394966125488e-01,6.598401665687561035e-01,6.598179340362548828e-01,6.597958207130432129e-01,6.597736477851867676e-01,6.597514748573303223e-01,6.597293019294738770e-01,6.597071290016174316e-01,6.596849560737609863e-01,6.596628427505493164e-01,6.596406102180480957e-01,6.596184968948364258e-01,6.595963239669799805e-01,6.595741510391235352e-01,6.595519781112670898e-01,6.595298647880554199e-01,6.595076918601989746e-01,6.594855189323425293e-01,6.594633460044860840e-01,6.594412326812744141e-01,6.594191193580627441e-01,6.593969464302062988e-01,6.593747735023498535e-01,6.593526601791381836e-01,6.593305468559265137e-01,6.593083739280700684e-01,6.592862010002136230e-01,6.592640876770019531e-01,6.592419743537902832e-01,6.592198014259338379e-01,6.591976881027221680e-01,6.591755747795104980e-01,6.591534614562988281e-01,6.591312885284423828e-01,6.591091752052307129e-01,6.590870618820190430e-01,6.590649485588073730e-01,6.590427756309509277e-01,6.590206623077392578e-01,6.589985489845275879e-01,6.589764356613159180e-01,6.589543223381042480e-01,6.589322090148925781e-01,6.589100956916809082e-01,6.588879823684692383e-01,6.588658690452575684e-01,6.588437557220458984e-01,6.588216423988342285e-01,6.587995886802673340e-01,6.587774157524108887e-01,6.587553620338439941e-01,6.587332487106323242e-01,6.587111353874206543e-01,6.586890220642089844e-01,6.586669683456420898e-01,6.586448550224304199e-01,6.586227416992187500e-01,6.586006283760070801e-01,6.585785746574401855e-01,6.585564613342285156e-01,6.585343480110168457e-01,6.585122942924499512e-01,6.584902405738830566e-01,6.584681272506713867e-01,6.584460139274597168e-01,6.584239602088928223e-01,6.584019064903259277e-01,6.583797931671142578e-01,6.583576798439025879e-01,6.583356261253356934e-01,6.583135724067687988e-01,6.582915186882019043e-01,6.582694053649902344e-01,6.582473516464233398e-01,6.582252979278564453e-01,6.582032442092895508e-01,6.581811308860778809e-01
6.349743604660034180e-01,6.349537968635559082e-01,6.349332928657531738e-01,6.349127888679504395e-01,6.348922252655029297e-01,6.348717212677001953e-01,6.348511576652526855e-01,6.348306536674499512e-01,6.348100900650024414e-01,6.347895860671997070e-01,6.347690820693969727e-01,6.347485780715942383e-01,6.347280144691467285e-01,6.347075104713439941e-01,6.346870064735412598e-01,6.346664428710937500e-01,6.346459388732910156e-01,6.346254348754882812e-01,6.346049308776855469e-01,6.345844268798828125e-01,6.345639228820800781e-01,6.345434188842773438e-01,6.345229148864746094e-01,6.345023512840270996e-01,6.344818472862243652e-01,6.344614028930664062e-01,6.344408988952636719e-01,6.344203352928161621e-01,6.343998908996582031e-01,6.343793869018554688e-01,6.343588829040527344e-01,6.343383789062500000e-01,6.343178749084472656e-01,6.342974305152893066e-01,6.342769265174865723e-01,6.342564225196838379e-01,6.342359185218811035e-01,6.342154741287231445e-01,6.341949701309204102e-01,6.341744661331176758e-01,6.341539621353149414e-01,6.341335177421569824e-01,6.341130733489990234e-01,6.340925097465515137e-01,6.340720653533935547e-01,6.340516209602355957e-01,6.340311169624328613e-01,6.340106129646301270e-01,6.339901685714721680e-01,6.339697241783142090e-01,6.339492201805114746e-01,6.339287757873535156e-01,6.339082717895507812e-01,6.338878273963928223e-01,6.338673233985900879e-01,6.338468790054321289e-01,6.338264346122741699e-01,6.338059902191162109e-01,6.337854862213134766e-01,6.337650418281555176e-01,6.337445974349975586e-01,6.337241530418395996e-01,6.337036490440368652e-01,6.336832642555236816e-01,6.336627602577209473e-01,6.336423754692077637e-01,6.336218714714050293e-01,6.336014270782470703e-01,6.335809826850891113e-01,6.335605382919311523e-01,6.335400938987731934e-01,6.335196495056152344e-01,6.334992051124572754e-01,6.334788203239440918e-01,6.334583163261413574e-01,6.334378719329833984e-01,6.334174871444702148e-01,6.333970427513122559e-01,6.333765983581542969e-01,6.333561539649963379e-01
6.118384003639221191e-01,6.118193268775939941e-01,6.118002533912658691e-01,6.117811799049377441e-01,6.117621064186096191e-01,6.117430925369262695e-01,6.117240190505981445e-01,6.117049455642700195e-01,6.116858720779418945e-01,6.116668581962585449e-01,6.116477251052856445e-01,6.116287112236022949e-01,6.116096377372741699e-01,6.115906238555908203e-01,6.115715503692626953e-01,6.115524768829345703e-01,6.115334630012512207e-01,6.115144491195678711e-01,6.114953756332397461e-01,6.114763021469116211e-01,6.114572882652282715e-01,6.114382743835449219e-01,6.114192008972167969e-01,6.114001274108886719e-01,6.113811135292053223e-01,6.113620996475219727e-01,6.113430261611938477e-01,6.113240122795104980e-01,6.113049983978271484e-01,6.112859845161437988e-01,6.112669110298156738e-01,6.112478971481323242e-01,6.112288832664489746e-01,6.112098693847656250e-01,6.111907958984375000e-01,6.111717820167541504e-01,6.111527681350708008e-01,6.111337542533874512e-01,6.111146807670593262e-01,6.110956668853759766e-01,6.110766530036926270e-01,6.110576391220092773e-01,6.110386252403259277e-01,6.110196113586425781e-01,6.110005974769592285e-01,6.109815835952758789e-01,6.109625697135925293e-01,6.109435558319091797e-01,6.109245419502258301e-01,6.109055280685424805e-01,6.108865141868591309e-01,6.108675003051757812e-01,6.108485460281372070e-01,6.108294725418090820e-01,6.108105182647705078e-01,6.107915043830871582e-01,6.107724905014038086e-01,6.107534766197204590e-01,6.107345223426818848e-01,6.107155084609985352e-01,6.106965541839599609e-01,6.106774806976318359e-01,6.106585264205932617e-01,6.106395125389099121e-01,6.106205582618713379e-01,6.106015443801879883e-01,6.105825304985046387e-01,6.105635762214660645e-01,6.105446219444274902e-01,6.105256080627441406e-01,6.105065941810607910e-01,6.104876399040222168e-01,6.104686856269836426e-01,6.104496717453002930e-01,6.104306578636169434e-01,6.104117035865783691e-01,6.103927493095397949e-01,6.103737354278564453e-01,6.103547811508178711e-01,6.103358268737792969e-01
5.903290510177612305e-01,5.903113484382629395e-01,5.902935266494750977e-01,5.902758240699768066e-01,5.902580618858337402e-01,5.902402997016906738e-01,5.902225971221923828e-01,5.902048349380493164e-01,5.901871323585510254e-01,5.901693105697631836e-01,5.901516079902648926e-01,5.901339054107666016e-01,5.901161432266235352e-01,5.900983810424804688e-01,5.900806784629821777e-01,5.900629162788391113e-01,5.900452136993408203e-01,5.900274515151977539e-01,5.900097489356994629e-01,5.899920463562011719e-01,5.899742841720581055e-01,5.899565219879150391e-01,5.899388194084167480e-01,5.899211168289184570e-01,5.899034142494201660e-01,5.898856520652770996e-01,5.898679494857788086e-01,5.898502469062805176e-01,5.898325443267822266e-01,5.898147821426391602e-01,5.897970795631408691e-01,5.897793769836425781e-01,5.897616744041442871e-01,5.897439122200012207e-01,5.897262096405029297e-01,5.897085070610046387e-01,5.896908044815063477e-01,5.896730422973632812e-01,5.896553397178649902e-01,5.896376967430114746e-01,5.896199345588684082e-01,5.896022319793701172e-01,5.895845293998718262e-01,5.895668268203735352e-01,5.895491242408752441e-01,5.895314216613769531e-01,5.895137190818786621e-01,5.894960165023803711e-01,5.894783139228820801e-01,5.894606113433837891e-01,5.894429683685302734e-01,5.894252657890319824e-01,5.894075036048889160e-01,5.893898606300354004e-01,5.893721580505371094e-01,5.893545150756835938e-01,5.893367528915405273e-01,5.893191099166870117e-01,5.893014073371887207e-01,5.892837047576904297e-01,5.892660021781921387e-01,5.892483592033386230e-01,5.892306566238403320e-01,5.892130136489868164e-01,5.891952514648437500e-01,5.891776084899902344e-01,5.891599655151367188e-01,5.891422629356384277e-01,5.891245603561401367e-01,5.891069173812866211e-01,5.890892148017883301e-01,5.890715718269348145e-01,5.890538692474365234e-01,5.890362262725830078e-01,5.890185236930847168e-01,5.890008211135864258e-01,5.889831781387329102e-01,5.889655351638793945e-01,5.889478921890258789e-01,5.889301896095275879e-01
5.702807307243347168e-01,5.702641606330871582e-01,5.702475905418395996e-01,5.702310800552368164e-01,5.702144503593444824e-01,5.701979398727416992e-01,5.701813697814941406e-01,5.701647996902465820e-01,5.701482295989990234e-01,5.701316595077514648e-01,5.701151490211486816e-01,5.700985789299011230e-01,5.700820088386535645e-01,5.700654983520507812e-01,5.700489282608032227e-01,5.700324177742004395e-01,5.700157880783081055e-01,5.699992775917053223e-01,5.699827075004577637e-01,5.699661970138549805e-01,5.699496269226074219e-01,5.699331164360046387e-01,5.699165463447570801e-01,5.699000358581542969e-01,5.698834657669067383e-01,5.698668956756591797e-01,5.698503851890563965e-01,5.698338747024536133e-01,5.698173046112060547e-01,5.698007941246032715e-01,5.697842240333557129e-01,5.697677135467529297e-01,5.697511434555053711e-01,5.697346329689025879e-01,5.697181224822998047e-01,5.697015523910522461e-01,5.696850419044494629e-01,5.696685314178466797e-01,5.696519613265991211e-01,5.696354508399963379e-01,5.696189403533935547e-01,5.696023702621459961e-01,5.695858597755432129e-01,5.695693492889404297e-01,5.695528388023376465e-01,5.695363283157348633e-01,5.695198178291320801e-01,5.695032477378845215e-01,5.694867372512817383e-01,5.694702267646789551e-01,5.694537162780761719e-01,5.694371461868286133e-01,5.694206953048706055e-01,5.694041848182678223e-01,5.693876743316650391e-01,5.693711042404174805e-01,5.693545937538146973e-01,5.693381428718566895e-01,5.693216323852539062e-01,5.693050622940063477e-01,5.692886114120483398e-01,5.692721009254455566e-01,5.692555904388427734e-01,5.692390799522399902e-01,5.692225694656372070e-01,5.692060589790344238e-01,5.691896080970764160e-01,5.691730380058288574e-01,5.691565871238708496e-01,5.691400766372680664e-01,5.691235661506652832e-01,5.691070556640625000e-01,5.690905451774597168e-01,5.690740942955017090e-01,5.690575838088989258e-01,5.690410733222961426e-01,5.690246224403381348e-01,5.690081119537353516e-01,5.689916014671325684e-01,5.689750909805297852e-01
